0
3
4
5
7
13
14
15
18
19
20
22
23
25
26
28
30
31
33
36
38
39
41
43
44
45
48
49
52
54
55
56
58
60
61
62
64
68
70
72
73
74
76
78
79
81
82
83
86
87
89
95
97
98
100
101
102
107
108
109
110
111
115
121
122
126
128
129
130
131
134
135
136
137
138
139
140
141
142
143
146
149
150
151
153
156
158
159
160
161
163
164
165
166
168
170
172
173
174
177
178
179
181
186
187
189
190
191
195
196
200
202
203
204
208
210
211
215
217
219
220
223
228
230
231
234
239
240
243
244
245
246
247
250
255
257
261
264
266
271
275
276
278
282
283
284
285
287
289
292
295
298
299
300
301
303
304
305
306
307
308
309
310
311
313
314
315
316
317
318
319
320
321
324
325
328
330
331
332
334
335
336
337
339
341
347
350
352
353
356
357
358
370
371
372
374
375
376
377
378
382
383
385
386
390
391
392
393
394
395
396
397
399
401
402
403
404
405
409
411
412
413
415
416
424
426
427
430
431
435
436
439
440
443
444
446
447
448
450
454
455
456
458
460
461
464
467
471
472
474
475
477
478
479
480
481
482
483
484
486
487
488
489
491
493
494
495
496
497
499
500
501
502
503
504
509
512
518
522
524
525
526
527
529
532
534
535
538
539
540
542
545
549
557
558
559
562
563
565
568
569
570
572
573
576
580
581
583
586
588
592
597
598
600
601
602
604
605
607
609
611
612
613
616
617
619
626
627
628
630
631
637
638
639
641
642
644
648
650
651
655
656
657
658
659
661
662
663
665
666
668
672
674
675
677
678
682
683
686
687
688
689
690
692
694
698
699
703
705
709
711
713
718
721
723
724
725
727
729
733
735
736
738
739
740
741
743
744
745
747
748
753
755
760
763
765
767
768
769
772
774
775
778
783
788
791
796
797
798
799
800
801
803
805
807
808
809
814
817
818
824
826
833
834
840
844
848
849
850
851
852
856
857
858
861
862
864
865
869
873
875
878
879
880
882
884
885
886
889
892
894
895
896
898
899
903
905
909
913
914
916
921
923
924
925
929
931
937
938
940
944
946
952
953
957
958
961
964
966
967
969
970
971
973
974
976
978
979
980
981
982
984
987
991
992
993
994
995
998
999
452
737
11
830
423
145
388
280
837
989
6
975
216
750
343
148
829
294
213
286
279
233
536
841
442
290
876
759
942
92
207
949
696
962
652
533
221
789
632
528
821
802
373
567
764
645
182
492
274
793
716
832
154
920
520
69
258
249
635
552
429
719
24
901
329
269
614
169
566
782
935
281
997
366
860
214
871
167
928
123
367
731
902
546
918
263
867
9
571
407
506
63
701
188
342
773
176
742
804
707
842
420
340
322
633
389
960
469
147
667
761
463
577
297
272
794
194
162
113
621
421
12
554
608
103
812
515
859
260
90
354
863
8
265
514
820
198
180
35
986
714
537
37
828
80
561
917
977
201
922
437
758
470
585
381
433
941
950
361
681
513
706
749
676
835
555
963
643
155
629
684
252
722
752
704
623
511
756
985
990
746
673
591
550
32
956
932
355
779
697
505
241
183
212
584
930
919
825
640
51
959
466
551
732
907
951
224
124
720
770
890
327
579
184
822
728
827
843
575
615
792
53
117
75
408
418
144
438
836
897
933
237
368
646
972
50
432
17
360
810
606
410
133
267
787
236
710
125
359
152
594
262
847
507
406
582
948
622
547
816
21
77
846
874
521
620
947
84
67
364
248
254
40
587
968
42
669
10
881
459
193
813
93
400
457
414
900
349
556
908
235
911
326
268
465
132
912
99
441
225
762
344
2
780
277
983
708
530
988
519
954
939
227
94
192
671
346
625
893
384
312
270
199
453
734
831
603
508
104
596
624
462
96
771
578
670
838
445
872
175
680
915
171
589
209
790
428
781
85
425
185
16
553
691
485
380
649
700
34
112
618
870
660
936
695
226
242
823
548
29
811
544
91
910
387
712
65
114
891
541
273
422
118
345
883
451
66
610
517
595
47
369
927
323
348
157
449
419
490
599
105
715
116
251
717
726
934
232
590
229
839
754
965
498
71
955
362
634
106
887
531
205
888
434
256
785
664
543
59
845
866
293
730
757
302
206
786
679
853
338
476
868
379
685
510
363
333
560
296
815
926
795
259
468
906
398
238
777
291
197
564
647
702
693
88
855
819
365
473
654
516
46
523
854
806
653
57
996
1
593
943
574
945
27
766
288
127
222
877
417
218
253
636
351
784
904
119
776
120
751
