2
4
10
11
12
16
18
19
21
22
25
27
28
30
31
32
38
39
41
42
46
47
48
49
50
51
59
62
63
68
69
75
76
78
80
81
84
86
87
89
91
92
95
97
98
99
100
102
103
109
111
113
115
117
120
124
125
128
130
131
133
134
135
136
139
141
143
145
146
148
151
152
153
155
158
159
160
161
162
163
164
168
170
172
173
174
175
176
178
180
181
182
184
185
188
189
191
193
195
197
198
200
202
205
208
209
212
214
215
216
217
218
219
220
221
222
223
224
225
226
227
228
229
232
234
236
238
241
242
243
244
246
247
249
251
252
257
261
262
264
266
267
268
270
271
272
273
274
277
279
280
281
282
283
286
288
290
291
293
297
298
300
302
303
304
305
306
307
309
313
315
316
317
318
319
322
325
327
328
329
331
332
335
337
338
340
341
343
345
346
348
351
355
358
360
361
365
366
369
371
373
374
376
378
379
380
381
382
383
386
387
388
389
390
391
392
394
395
398
399
400
401
404
405
406
408
409
414
416
417
418
420
421
423
425
429
430
431
432
433
435
436
438
441
443
444
450
451
452
453
455
459
461
464
466
470
475
476
480
485
487
488
490
492
495
496
497
499
502
503
507
508
509
515
516
517
518
523
528
531
532
533
534
536
537
538
542
543
546
550
552
553
554
556
557
558
559
562
564
569
570
571
572
575
576
578
579
581
582
583
586
587
588
589
590
595
597
599
600
602
604
607
608
609
611
613
614
616
619
620
622
625
628
629
630
632
633
634
637
638
641
643
644
645
649
650
655
656
660
661
663
664
665
668
670
671
672
673
674
675
677
679
680
681
682
683
685
687
689
693
694
695
696
697
702
703
705
707
709
710
711
718
722
726
731
732
734
738
740
743
744
746
748
752
755
756
763
764
765
767
768
770
771
772
773
775
776
777
781
783
786
792
793
794
795
797
799
800
805
806
809
810
811
812
813
814
816
818
820
821
822
825
826
828
829
831
832
835
837
839
841
844
845
846
849
851
856
860
861
862
863
864
867
868
870
873
874
875
876
877
879
880
881
882
884
885
886
888
891
892
893
894
897
898
899
903
907
908
910
911
913
916
917
920
922
924
927
928
930
931
934
935
936
937
938
939
940
941
943
945
946
948
949
952
955
956
958
960
961
966
967
969
970
971
973
975
978
980
982
983
984
985
986
988
989
990
991
992
995
1000
1002
1005
1006
1012
1013
1017
1018
1019
1022
1026
1027
1032
1036
1038
1041
1043
1044
1045
1049
1052
1054
1055
1056
1058
1059
1061
1062
1063
1065
1069
1072
1074
1076
1079
1083
1084
1090
1092
1093
1095
1096
1097
1099
1100
1105
1107
1108
1110
1112
1113
1114
1116
1117
1118
1120
1121
1124
1131
1135
1136
1137
1138
1139
1140
1141
1142
1144
1148
1149
1151
1154
1155
1156
1157
1160
1161
1165
1167
1168
1171
1172
1174
1176
1178
1179
1180
1182
1186
1188
1189
1190
1191
1192
1194
1196
1197
1198
1202
1203
1204
1205
1206
1208
1213
1216
1217
1219
1220
1221
1222
1223
1226
1227
1230
1231
1235
1236
1238
1239
1241
1244
1247
1249
1252
1253
1256
1258
1266
1269
1270
1272
1275
1278
1280
1284
1292
1293
1295
1296
1297
1299
1300
1302
1306
1309
1310
1312
1314
1315
1316
1317
1318
1321
1322
1325
1326
1328
1330
1332
1334
1337
1338
1340
1345
1346
1347
1349
1350
1352
1353
1355
1357
1358
1361
1363
1365
1366
1368
1370
1372
1375
1376
1378
1379
1380
1382
1383
1393
1398
1399
1401
1404
1405
1407
1409
1411
1412
1413
1416
1419
1421
1422
1424
1426
1428
1432
1433
1434
1435
1437
1438
1440
1444
1445
1446
1448
1449
1452
1453
1454
1456
1458
1459
1463
1464
1465
1466
1468
1469
1473
1474
1477
1478
1479
1481
1484
1489
1491
1492
1493
1494
1495
1499
1501
1503
1504
1505
1507
1509
1512
1513
1514
1516
1518
1523
1528
1529
1530
1533
1535
1536
1537
1538
1539
1540
1544
1552
1557
1563
1564
1566
1568
1570
1571
1572
1573
1574
1576
1583
1584
1586
1589
1590
1591
1595
1596
1597
1599
1602
1603
1605
1606
1607
1610
1611
1612
1617
1618
1621
1622
1626
1627
1628
1632
1635
1643
1644
1645
1646
1647
1648
1649
1653
1654
1655
1657
1661
1662
1663
1665
1667
1668
1670
1671
1673
1677
1682
1683
1684
1685
1686
1692
1693
1696
1697
1701
1704
1706
1710
1712
1713
1714
1717
1721
1723
1724
1725
1726
1730
1734
1736
1739
1741
1743
1745
1747
1753
1754
1755
1757
1758
1759
1761
1762
1763
1767
1768
1769
1773
1774
1779
1782
1783
1784
1785
1786
1789
1792
1793
1794
1797
1800
1801
1802
1805
1806
1807
1808
1810
1811
1813
1814
1815
1817
1818
1819
1820
1821
1823
1824
1826
1829
1830
1831
1833
1848
1850
1856
1858
1861
1862
1863
1865
1867
1868
1871
1876
1877
1885
1886
1887
1888
1890
1892
1893
1898
1900
1901
1903
1904
1906
1907
1908
1909
1910
1911
1912
1913
1914
1915
1916
1917
1920
1922
1926
1927
1928
1929
1931
1932
1934
1935
1937
1938
1939
1940
1941
1943
1945
1950
1951
1952
1955
1956
1958
1959
1965
1967
1969
1970
1976
1980
1983
1984
1986
1996
1997
1998
2001
2004
2007
2008
2009
2010
2012
2013
2014
2018
2019
2020
2025
2026
2032
2033
2040
2042
2050
2053
2055
2056
2059
2060
2063
2071
2073
2074
2075
2078
2080
2082
2087
2088
2090
2094
2095
2098
2099
2103
2106
2108
2113
2115
2116
2117
2118
2119
2121
2122
2124
2125
2129
2130
2132
2135
2136
2137
2139
2141
2143
2144
2146
2148
2150
2151
2153
2155
2157
2161
2163
2167
2169
2173
2174
2175
2177
2179
2181
2182
2184
2185
2186
2187
2188
2192
2193
2195
2196
2199
2205
2209
2211
2214
2216
2217
2218
2221
2224
2226
2229
2234
2235
2236
2238
2240
2244
2246
2250
2251
2254
2256
2259
2260
2265
2268
2269
2271
2272
2274
2275
2277
2278
2282
2284
2285
2289
2292
2299
2300
2301
2304
2305
2306
2307
2308
2309
2312
2314
2316
2318
2319
2321
2322
2323
2324
2326
2327
2331
2333
2335
2338
2340
2341
2343
2344
2345
2347
2348
2349
2350
2353
2355
2356
2358
2360
2363
2364
2366
2367
2368
2369
2370
2371
2374
2377
2379
2380
2384
2385
2387
2389
2390
2391
2392
2394
2395
2397
2398
2400
2401
2403
2404
2405
2406
2407
2408
2409
2411
2414
2416
2420
2421
2422
2424
2425
2426
2428
2430
2431
2433
2435
2437
2440
2441
2445
2446
2447
2448
2451
2453
2454
2455
2457
2458
2461
2468
2470
2474
2476
2479
2480
2482
2483
2484
2485
2487
2489
2490
2494
2496
2497
2502
2504
2505
2506
2507
2510
2512
2513
2516
2518
2519
2526
2527
2529
2530
2531
2532
2535
2536
2539
2542
2543
2544
2548
2552
2554
2555
2559
2561
2563
2564
2567
2568
2570
2571
2572
2573
2575
2577
2578
2587
2590
2592
2597
2601
2602
2603
2604
2605
2606
2608
2609
2610
2614
2615
2616
2618
2619
2623
2624
2625
2626
2629
2630
2631
2632
2633
2636
2637
2641
2642
2643
2644
2646
2647
2648
2649
2652
2653
2655
2656
2662
2663
2673
2674
2677
2678
2679
2681
2683
2684
2685
2689
2690
2696
2698
2699
2701
2704
2705
2710
2712
2718
2721
2723
2724
2729
2730
2732
2733
2737
2739
2741
2743
2744
2745
2746
2751
2754
2755
2757
2759
2761
2762
2763
2764
2765
2768
2769
2772
2774
2775
2778
2781
2783
2788
2789
2790
2793
2795
2796
2798
2800
2802
2803
2805
2809
2811
2813
2814
2815
2816
2820
2821
2823
2824
2825
2827
2830
2831
2832
2833
2838
2841
2843
2845
2846
2847
2852
2854
2855
2857
2859
2861
2863
2866
2867
2871
2875
2876
2877
2879
2881
2883
2886
2891
2892
2893
2894
2895
2896
2898
2901
2902
2903
2906
2907
2908
2911
2912
2913
2915
2916
2919
2920
2922
2925
2930
2934
2937
2940
2946
2951
2953
2954
2955
2956
2959
2960
2961
2962
2963
2964
2966
2968
2969
2974
2975
2976
2978
2981
2982
2983
2986
2989
2990
2993
2994
2995
2996
3000
3007
3012
3013
3014
3016
3017
3018
3019
3022
3025
3026
3031
3035
3036
3037
3038
3040
3041
3043
3044
3046
3047
3052
3053
3054
3055
3056
3059
3062
3065
3066
3067
3069
3070
3073
3074
3075
3078
3080
3082
3083
3084
3087
3088
3095
3096
3097
3098
3101
3102
3103
3105
3109
3110
3114
3117
3118
3119
3121
3122
3125
3128
3131
3132
3133
3137
3139
3140
3141
3142
3143
3145
3149
3150
3151
3154
3157
3158
3159
3161
3162
3163
3167
3170
3172
3173
3174
3177
3178
3179
3180
3181
3185
3187
3188
3190
3192
3194
3195
3196
3198
3199
3200
3201
3202
3203
3207
3209
3211
3213
3215
3216
3217
3218
3219
3224
3225
3233
3235
3236
3237
3238
3239
3242
3245
3254
3256
3258
3261
3263
3265
3266
3267
3268
3269
3270
3272
3274
3275
3278
3279
3283
3284
3286
3287
3290
3292
3293
3300
3303
3304
3306
3308
3312
3314
3315
3316
3318
3319
3322
3323
3324
3328
3329
3330
3331
3336
3338
3339
3342
3344
3347
3352
3354
3355
3357
3358
3359
3360
3363
3364
3365
3366
3367
3369
3375
3376
3377
3378
3380
3381
3384
3385
3386
3388
3389
3393
3395
3396
3397
3399
3401
3403
3408
3409
3412
3413
3415
3416
3417
3418
3421
3423
3426
3428
3431
3432
3433
3434
3443
3445
3450
3455
3456
3457
3460
3462
3463
3464
3465
3468
3469
3470
3474
3476
3477
3478
3479
3481
3483
3488
3492
3493
3495
3497
3499
3500
3501
3503
3505
3513
3516
3517
3518
3519
3520
3521
3522
3524
3525
3529
3530
3535
3540
3544
3547
3549
3552
3553
3556
3560
3561
3562
3564
3566
3567
3568
3571
3572
3573
3574
3576
3579
3580
3585
3587
3588
3590
3592
3594
3596
3598
3599
3601
3606
3607
3609
3613
3614
3616
3620
3622
3626
3628
3632
3634
3635
3636
3640
3641
3643
3644
3645
3647
3652
3653
3656
3662
3663
3665
3666
3668
3670
3674
3676
3679
3681
3682
3684
3685
3686
3687
3689
3690
3693
3694
3695
3697
3699
3702
3704
3706
3707
3708
3709
3713
3714
3716
3721
3722
3725
3726
3727
3729
3731
3735
3736
3737
3741
3744
3745
3747
3749
3750
3751
3752
3756
3760
3761
3763
3768
3770
3771
3774
3777
3778
3782
3783
3784
3785
3786
3787
3790
3791
3793
3794
3795
3797
3798
3799
3801
3803
3807
3809
3811
3812
3816
3818
3819
3820
3821
3822
3823
3825
3826
3827
3828
3836
3838
3840
3842
3844
3845
3848
3849
3852
3855
3856
3857
3861
3864
3868
3871
3873
3878
3879
3880
3882
3883
3888
3889
3890
3894
3895
3896
3897
3898
3899
3902
3904
3905
3907
3908
3909
3911
3912
3913
3914
3916
3917
3919
3923
3926
3927
3928
3929
3930
3932
3934
3940
3941
3943
3944
3945
3947
3948
3949
3950
3951
3956
3957
3959
3960
3962
3965
3967
3969
3970
3973
3977
3979
3981
3982
3983
3988
3995
3997
3998
3999
4001
4002
4003
4006
4007
4008
4012
4015
4017
4020
4022
4027
4029
4033
4037
4038
4039
4040
4042
4044
4045
4046
4047
4048
4050
4051
4054
4055
4056
4060
4061
4064
4067
4071
4072
4075
4079
4083
4084
4085
4087
4089
4093
4094
4097
4098
4099
4102
4104
4105
4106
4107
4109
4113
4114
4115
4116
4117
4119
4124
4126
4127
4129
4131
4132
4133
4134
4137
4140
4143
4147
4149
4151
4152
4154
4155
4157
4158
4159
4160
4161
4163
4164
4165
4166
4168
4171
4172
4173
4174
4179
4180
4181
4184
4188
4189
4190
4193
4194
4195
4196
4200
4201
4202
4203
4204
4206
4209
4210
4211
4212
4213
4215
4217
4218
4221
4222
4223
4224
4225
4226
4228
4231
4234
4235
4241
4242
4243
4246
4247
4249
4250
4251
4252
4253
4254
4255
4256
4257
4261
4263
4264
4266
4268
4269
4270
4271
4273
4274
4275
4278
4279
4280
4281
4286
4288
4289
4290
4291
4296
4300
4302
4303
4304
4309
4311
4314
4315
4316
4317
4318
4320
4322
4323
4324
4325
4333
4335
4337
4339
4342
4344
4345
4346
4347
4349
4351
4353
4358
4359
4360
4363
4364
4369
4370
4371
4372
4373
4374
4375
4376
4379
4381
4385
4386
4387
4389
4390
4391
4392
4393
4397
4398
4400
4401
4404
4405
4406
4407
4413
4415
4416
4417
4421
4422
4424
4425
4429
4430
4432
4434
4435
4436
4437
4438
4440
4443
4444
4445
4446
4448
4451
4452
4453
4457
4458
4460
4463
4464
4465
4466
4470
4472
4475
4476
4480
4482
4485
4487
4488
4489
4492
4493
4495
4496
4497
4498
4499
4501
4503
4506
4508
4509
4515
4519
4520
4521
4522
4529
4531
4533
4534
4536
4537
4539
4540
4541
4542
4544
4545
4546
4547
4550
4551
4554
4556
4559
4560
4561
4563
4564
4565
4568
4571
4574
4575
4577
4579
4581
4582
4584
4587
4589
4590
4594
4595
4596
4598
4599
4600
4601
4603
4604
4607
4608
4611
4613
4616
4617
4618
4619
4620
4622
4626
4630
4633
4634
4638
4642
4645
4647
4649
4650
4652
4656
4660
4661
4662
4663
4666
4670
4672
4673
4674
4675
4677
4682
4684
4685
4686
4688
4691
4692
4696
4698
4700
4702
4707
4710
4711
4715
4716
4717
4718
4719
4720
4723
4725
4728
4729
4730
4733
4734
4737
4742
4743
4745
4747
4749
4751
4756
4758
4760
4762
4763
4764
4765
4767
4768
4770
4771
4775
4776
4777
4779
4780
4785
4786
4791
4793
4797
4798
4799
4800
4802
4803
4805
4806
4807
4809
4810
4813
4814
4815
4816
4817
4818
4819
4820
4822
4823
4828
4829
4830
4831
4832
4835
4839
4840
4841
4843
4845
4846
4848
4850
4852
4853
4859
4860
4863
4864
4866
4870
4875
4882
4883
4886
4888
4890
4892
4895
4896
4897
4898
4900
4901
4904
4905
4907
4908
4910
4912
4913
4916
4919
4920
4924
4926
4930
4932
4935
4938
4939
4941
4942
4945
4950
4952
4954
4955
4957
4958
4963
4965
4966
4971
4975
4976
4983
4984
4985
4987
4990
4992
4994
5004
5006
5009
5010
5012
5013
5014
5015
5017
5022
5023
5025
5027
5029
5030
5032
5033
5034
5035
5040
5041
5042
5043
5049
5051
5052
5053
5055
5057
5058
5062
5064
5065
5066
5067
5070
5071
5072
5073
5080
5082
5083
5084
5085
5088
5089
5090
5091
5092
5096
5101
5103
5105
5106
5107
5108
5110
5111
5112
5113
5115
5116
5117
5122
5123
5127
5132
5133
5134
5135
5136
5142
5143
5144
5145
5148
5149
5150
5153
5155
5156
5157
5159
5161
5164
5165
5168
5170
5172
5173
5174
5175
5176
5177
5179
5180
5181
5183
5184
5189
5192
5194
5195
5197
5200
5204
5206
5207
5209
5210
5211
5213
5214
5215
5217
5218
5219
5221
5222
5224
5225
5226
5227
5228
5231
5232
5233
5234
5236
5237
5238
5239
5240
5242
5243
5244
5245
5246
5248
5249
5250
5252
5254
5255
5256
5257
5259
5260
5261
5263
5264
5266
5268
5271
5278
5285
5289
5292
5294
5299
5300
5301
5302
5303
5304
5306
5307
5308
5309
5310
5311
5315
5318
5319
5321
5326
5327
5328
5330
5331
5333
5335
5336
5337
5339
5341
5347
5348
5349
5350
5351
5352
5356
5359
5364
5365
5366
5367
5368
5369
5370
5372
5375
5376
5377
5378
5380
5381
5383
5384
5388
5390
5393
5394
5395
5396
5397
5398
5400
5402
5404
5405
5406
5407
5408
5412
5415
5416
5417
5420
5422
5426
5428
5435
5440
5445
5446
5447
5448
5455
5456
5458
5461
5462
5466
5467
5472
5474
5475
5476
5480
5483
5485
5488
5489
5497
5498
5503
5507
5511
5512
5513
5514
5515
5517
5518
5520
5521
5522
5523
5524
5525
5526
5527
5529
5530
5531
5534
5535
5537
5539
5546
5547
5549
5551
5554
5555
5556
5558
5559
5561
5566
5567
5568
5572
5573
5574
5575
5577
5578
5580
5586
5587
5590
5591
5593
5596
5597
5600
5601
5604
5606
5607
5612
5616
5620
5621
5623
5629
5632
5633
5634
5636
5637
5639
5640
5641
5644
5645
5649
5650
5653
5654
5657
5659
5660
5663
5664
5667
5673
5674
5675
5676
5677
5678
5680
5681
5682
5686
5687
5690
5691
5695
5698
5699
5700
5701
5703
5704
5706
5707
5708
5709
5713
5717
5719
5722
5724
5726
5728
5729
5731
5732
5734
5735
5736
5738
5739
5740
5741
5742
5743
5745
5747
5748
5752
5753
5755
5757
5759
5761
5762
5764
5765
5766
5769
5770
5771
5772
5775
5777
5779
5780
5781
5782
5783
5786
5787
5789
5790
5794
5795
5796
5799
5800
5801
5803
5804
5806
5807
5808
5810
5813
5815
5816
5818
5822
5823
5824
5825
5828
5830
5833
5834
5836
5837
5838
5839
5840
5841
5843
5845
5847
5852
5855
5856
5857
5858
5863
5864
5867
5870
5871
5874
5877
5878
5879
5882
5883
5884
5885
5888
5889
5895
5896
5897
5898
5900
5904
5905
5906
5907
5910
5911
5914
5917
5918
5919
5923
5924
5925
5926
5927
5929
5930
5932
5935
5936
5938
5939
5940
5943
5945
5946
5949
5952
5956
5957
5960
5961
5962
5964
5967
5968
5970
5972
5974
5976
5977
5980
5981
5982
5983
5985
5989
5991
5996
5998
5999
6002
6005
6007
6010
6011
6012
6013
6015
6016
6017
6020
6021
6022
6026
6027
6032
6033
6035
6036
6038
6039
6040
6042
6044
6045
6048
6050
6051
6052
6057
6058
6061
6062
6063
6066
6067
6068
6070
6071
6074
6075
6076
6078
6079
6083
6084
6085
6086
6088
6089
6090
6092
6093
6097
6098
6099
6101
6102
6103
6105
6107
6108
6112
6113
6114
6117
6120
6121
6127
6135
6137
6139
6141
6142
6145
6150
6156
6157
6158
6162
6164
6165
6168
6169
6171
6175
6176
6177
6178
6180
6182
6186
6187
6191
6193
6194
6196
6197
6198
6201
6203
6204
6209
6214
6216
6218
6220
6221
6222
6223
6225
6230
6233
6234
6235
6236
6237
6238
6242
6243
6247
6249
6250
6251
6252
6254
6255
6258
6261
6263
6264
6265
6267
6269
6271
6272
6273
6275
6277
6278
6280
6281
6285
6289
6290
6291
6292
6296
6299
6301
6302
6303
6304
6308
6309
6311
6313
6316
6317
6318
6320
6321
6323
6325
6329
6332
6333
6334
6338
6339
6342
6344
6347
6348
6349
6351
6355
6357
6358
6360
6364
6366
6367
6368
6369
6371
6374
6375
6380
6382
6383
6384
6386
6388
6390
6391
6393
6395
6396
6399
6401
6403
6404
6406
6408
6409
6411
6412
6413
6416
6418
6419
6420
6427
6432
6442
6443
6450
6451
6452
6454
6455
6457
6470
6471
6473
6475
6477
6479
6486
6489
6490
6492
6495
6496
6499
6500
6505
6507
6508
6510
6513
6523
6524
6526
6529
6532
6533
6534
6537
6538
6539
6540
6542
6545
6548
6549
6550
6551
6553
6554
6556
6560
6562
6564
6566
6567
6568
6569
6571
6573
6574
6577
6578
6581
6582
6585
6586
6587
6589
6591
6594
6597
6599
6600
6601
6602
6604
6608
6611
6612
6614
6615
6617
6618
6620
6621
6622
6625
6626
6631
6632
6633
6634
6635
6637
6639
6642
6645
6646
6647
6652
6653
6655
6657
6659
6661
6665
6667
6672
6673
6676
6677
6679
6680
6681
6683
6684
6687
6693
6694
6695
6696
6698
6699
6700
6701
6702
6703
6705
6711
6715
6719
6724
6726
6727
6728
6730
6731
6732
6733
6735
6737
6738
6740
6742
6743
6744
6745
6746
6748
6753
6755
6760
6761
6762
6763
6764
6765
6766
6768
6770
6772
6775
6777
6779
6781
6782
6783
6784
6786
6789
6794
6796
6799
6801
6802
6803
6807
6808
6811
6814
6815
6817
6819
6822
6826
6829
6833
6834
6836
6837
6840
6841
6844
6846
6847
6848
6851
6853
6855
6856
6860
6863
6864
6868
6869
6872
6873
6874
6876
6877
6878
6879
6880
6881
6883
6884
6885
6887
6889
6894
6895
6899
6900
6901
6903
6904
6905
6906
6911
6912
6914
6916
6920
6921
6922
6923
6927
6928
6929
6930
6931
6933
6934
6938
6940
6942
6947
6948
6949
6950
6951
6954
6955
6956
6957
6959
6962
6963
6964
6966
6970
6971
6972
6973
6977
6979
6980
6983
6984
6987
6988
6991
6992
6994
6995
6998
6999
7000
7001
7002
7003
7005
7007
7010
7011
7013
7014
7015
7017
7018
7022
7023
7028
7029
7031
7034
7037
7040
7041
7042
7045
7046
7048
7049
7050
7051
7055
7058
7059
7060
7063
7064
7067
7068
7071
7073
7074
7079
7080
7082
7083
7085
7087
7088
7089
7091
7094
7097
7099
7104
7105
7106
7107
7108
7110
7111
7115
7116
7119
7120
7121
7123
7125
7126
7129
7130
7131
7133
7141
7142
7144
7146
7147
7148
7149
7151
7154
7155
7156
7158
7159
7161
7164
7166
7169
7170
7171
7175
7179
7182
7187
7188
7189
7192
7196
7197
7198
7199
7201
7204
7208
7210
7211
7212
7213
7216
7221
7224
7225
7227
7228
7230
7232
7233
7239
7241
7242
7245
7246
7247
7250
7252
7253
7255
7257
7258
7265
7266
7267
7269
7270
7271
7274
7275
7283
7289
7290
7296
7298
7299
7301
7303
7304
7305
7307
7308
7309
7311
7313
7315
7318
7319
7321
7322
7323
7324
7328
7329
7331
7333
7335
7336
7338
7339
7340
7343
7344
7346
7347
7348
7349
7351
7352
7355
7360
7364
7368
7370
7371
7372
7376
7377
7378
7379
7380
7382
7386
7387
7388
7389
7391
7393
7396
7397
7400
7403
7404
7405
7406
7407
7409
7410
7412
7413
7418
7420
7421
7426
7427
7428
7429
7431
7432
7434
7435
7437
7439
7440
7441
7442
7443
7444
7445
7448
7449
7450
7452
7453
7455
7457
7458
7462
7463
7467
7468
7469
7470
7473
7474
7475
7477
7478
7479
7484
7486
7492
7494
7495
7505
7507
7509
7510
7511
7514
7516
7517
7518
7519
7521
7524
7525
7528
7530
7532
7534
7535
7536
7537
7538
7542
7546
7547
7548
7549
7550
7551
7554
7557
7563
7564
7569
7572
7573
7575
7578
7579
7580
7582
7585
7593
7597
7601
7602
7603
7606
7608
7609
7610
7612
7613
7614
7615
7616
7619
7620
7623
7624
7625
7626
7633
7634
7635
7636
7638
7646
7647
7648
7651
7652
7655
7656
7660
7661
7664
7667
7668
7669
7674
7675
7676
7680
7681
7682
7683
7684
7686
7687
7692
7695
7696
7698
7699
7702
7708
7709
7714
7717
7718
7721
7722
7727
7728
7729
7730
7733
7734
7736
7739
7743
7750
7751
7752
7753
7755
7758
7759
7765
7766
7767
7768
7771
7772
7774
7775
7777
7778
7781
7784
7786
7787
7788
7790
7791
7792
7794
7795
7797
7800
7801
7802
7807
7810
7812
7814
7815
7819
7820
7827
7829
7830
7832
7833
7834
7836
7837
7839
7840
7841
7842
7843
7844
7845
7847
7853
7855
7857
7859
7861
7862
7863
7864
7869
7870
7871
7872
7874
7876
7881
7882
7883
7887
7888
7890
7891
7893
7896
7897
7898
7900
7902
7903
7905
7909
7910
7915
7916
7920
7923
7924
7927
7930
7935
7936
7938
7943
7944
7950
7952
7953
7954
7955
7959
7961
7962
7963
7964
7967
7968
7970
7979
7980
7981
7982
7986
7988
7989
7991
7995
7999
8000
8002
8003
8004
8006
8008
8009
8011
8014
8015
8022
8023
8025
8028
8029
8035
8036
8037
8038
8040
8041
8042
8043
8044
8050
8051
8054
8056
8058
8060
8061
8062
8063
8064
8066
8068
8070
8072
8073
8076
8077
8078
8080
8081
8083
8084
8085
8087
8088
8089
8090
8092
8093
8095
8097
8101
8102
8103
8104
8107
8108
8109
8117
8118
8120
8122
8123
8125
8126
8128
8131
8133
8134
8139
8143
8144
8145
8147
8149
8150
8151
8154
8159
8162
8163
8165
8166
8168
8169
8173
8174
8175
8176
8177
8180
8181
8183
8184
8186
8187
8190
8193
8198
8199
8200
8202
8203
8205
8207
8208
8209
8211
8213
8215
8216
8219
8220
8221
8223
8224
8227
8229
8230
8231
8234
8235
8239
8240
8241
8246
8247
8250
8251
8253
8254
8255
8256
8257
8259
8260
8264
8265
8270
8272
8273
8274
8277
8278
8280
8282
8283
8284
8285
8287
8289
8290
8293
8294
8295
8297
8298
8299
8301
8302
8303
8304
8306
8310
8311
8312
8313
8314
8315
8318
8320
8323
8327
8330
8331
8332
8333
8334
8337
8338
8342
8343
8344
8346
8347
8349
8352
8353
8358
8359
8361
8364
8366
8369
8370
8371
8376
8377
8382
8383
8385
8386
8388
8391
8393
8394
8396
8397
8400
8403
8404
8406
8407
8411
8415
8416
8418
8421
8422
8426
8427
8428
8430
8433
8434
8435
8436
8439
8441
8442
8443
8446
8447
8449
8450
8451
8453
8456
8458
8459
8460
8462
8463
8464
8465
8466
8467
8470
8471
8473
8475
8476
8477
8481
8482
8486
8487
8488
8490
8491
8497
8498
8499
8501
8506
8507
8509
8512
8513
8514
8515
8516
8517
8519
8522
8528
8533
8535
8537
8538
8540
8545
8547
8548
8551
8553
8554
8556
8562
8563
8564
8565
8566
8567
8568
8569
8570
8571
8573
8574
8576
8577
8579
8585
8586
8587
8588
8589
8591
8594
8595
8596
8597
8599
8603
8604
8605
8606
8607
8608
8611
8614
8620
8622
8627
8629
8630
8631
8632
8633
8634
8637
8639
8642
8643
8644
8645
8646
8647
8649
8651
8652
8655
8656
8661
8662
8665
8666
8668
8669
8672
8673
8675
8677
8678
8679
8680
8684
8687
8688
8690
8692
8693
8694
8697
8699
8705
8706
8709
8713
8718
8720
8722
8725
8726
8727
8728
8734
8737
8738
8740
8741
8742
8743
8744
8745
8747
8748
8750
8754
8755
8758
8759
8760
8761
8762
8763
8764
8765
8770
8771
8772
8773
8774
8779
8788
8789
8790
8791
8792
8793
8794
8795
8797
8798
8799
8803
8805
8806
8807
8809
8810
8812
8813
8814
8817
8819
8821
8823
8824
8825
8826
8833
8835
8838
8840
8844
8845
8846
8848
8849
8852
8855
8856
8863
8865
8867
8868
8871
8874
8875
8876
8879
8880
8887
8889
8890
8891
8892
8894
8896
8897
8900
8901
8911
8914
8916
8921
8922
8923
8924
8925
8926
8927
8928
8929
8932
8935
8937
8941
8942
8943
8945
8946
8947
8948
8949
8950
8951
8952
8955
8956
8958
8959
8964
8965
8968
8970
8974
8976
8977
8979
8980
8981
8982
8983
8985
8986
8988
8989
8992
8993
8994
8995
8999
9000
9005
9007
9008
9009
9010
9011
9012
9015
9017
9018
9021
9022
9023
9026
9030
9031
9032
9033
9036
9041
9043
9044
9046
9047
9048
9051
9053
9055
9057
9058
9059
9061
9062
9065
9068
9071
9074
9075
9077
9083
9084
9085
9086
9087
9088
9089
9092
9093
9096
9099
9100
9101
9104
9106
9108
9110
9111
9114
9117
9118
9121
9122
9124
9126
9127
9128
9129
9130
9132
9133
9134
9136
9139
9140
9141
9142
9145
9149
9150
9151
9156
9157
9158
9160
9161
9162
9166
9167
9168
9169
9170
9171
9173
9176
9177
9178
9185
9187
9188
9191
9192
9193
9195
9196
9197
9198
9199
9201
9203
9206
9210
9211
9213
9216
9217
9218
9219
9221
9222
9223
9224
9227
9229
9230
9231
9235
9236
9237
9243
9245
9247
9248
9253
9260
9261
9262
9264
9266
9267
9269
9270
9271
9273
9275
9276
9277
9278
9279
9280
9281
9282
9286
9288
9289
9290
9291
9293
9294
9295
9301
9302
9304
9305
9307
9308
9309
9311
9313
9317
9318
9321
9322
9323
9324
9325
9326
9329
9330
9331
9333
9334
9340
9342
9343
9346
9348
9351
9356
9358
9365
9367
9368
9369
9372
9374
9378
9379
9381
9382
9383
9384
9385
9386
9387
9391
9397
9398
9399
9401
9403
9406
9410
9414
9416
9418
9420
9423
9425
9427
9430
9431
9432
9433
9437
9438
9441
9446
9448
9453
9455
9458
9459
9460
9461
9462
9463
9464
9465
9468
9470
9480
9481
9482
9483
9486
9488
9494
9495
9498
9505
9506
9507
9508
9509
9510
9511
9512
9513
9516
9517
9518
9522
9523
9524
9526
9528
9529
9530
9534
9535
9536
9537
9539
9541
9542
9543
9544
9545
9548
9549
9550
9551
9552
9554
9555
9556
9558
9559
9561
9564
9565
9566
9570
9571
9575
9576
9579
9580
9581
9582
9583
9585
9586
9587
9588
9590
9591
9592
9594
9595
9596
9598
9601
9602
9603
9604
9609
9610
9612
9613
9616
9617
9623
9627
9628
9629
9630
9632
9633
9638
9639
9641
9642
9643
9644
9645
9648
9650
9651
9652
9653
9654
9655
9661
9663
9666
9667
9670
9671
9673
9674
9675
9676
9679
9680
9683
9688
9689
9691
9695
9697
9700
9705
9706
9707
9708
9711
9717
9718
9719
9724
9726
9727
9733
9734
9736
9738
9739
9743
9744
9745
9749
9752
9753
9754
9756
9761
9763
9764
9765
9766
9767
9769
9770
9771
9772
9782
9784
9786
9787
9788
9789
9791
9792
9795
9796
9797
9798
9801
9802
9803
9804
9809
9810
9811
9812
9819
9823
9824
9825
9827
9828
9829
9830
9832
9833
9834
9835
9837
9839
9843
9847
9848
9849
9852
9854
9857
9858
9859
9861
9862
9866
9869
9870
9871
9878
9879
9881
9883
9885
9888
9889
9892
9893
9894
9895
9898
9899
9903
9905
9906
9907
9911
9914
9915
9916
9921
9922
9925
9926
9928
9929
9931
9933
9935
9939
9942
9946
9948
9949
9951
9954
9955
9956
9957
9960
9963
9964
9968
9972
9975
9976
9977
9979
9981
9985
9986
9988
9989
9990
9993
9995
9996
9997
9998
5760
624
4943
848
3718
3264
5835
7465
5274
7145
2462
8913
6297
8226
3506
2434
8613
1364
2586
3954
2225
7605
8829
2208
7889
3144
6431
7884
1212
8375
9844
3824
627
3834
1775
7101
9562
1925
8026
9958
3938
8714
2252
9209
8975
8454
7132
6034
2203
4683
3900
4125
6136
1313
869
501
7712
1425
2290
1311
1681
3382
3004
7715
3994
742
7248
8191
2862
2860
954
2856
785
2373
1796
9953
9413
7359
1462
8615
6559
7544
2091
6439
3002
3398
1415
460
3792
5275
2486
9685
4065
8401
3630
4310
7917
7419
1847
6917
5811
2850
3345
7990
1336
1279
691
2194
9932
8873
7383
7878
9777
154
3490
7069
4467
906
4156
13
1981
5269
6825
3648
5277
7454
364
977
4525
7851
8768
5138
8909
3617
2905
9503
8719
4657
3776
8731
1803
652
1816
5024
1795
8098
8052
5389
1553
4998
5669
5457
6370
424
9091
4738
482
8905
1842
8007
8881
4527
7109
5093
7136
7588
7030
8
5028
4874
8408
8987
137
8188
4631
9444
9831
2165
8146
7969
6438
9319
4331
9484
5543
4514
6362
8526
527
5849
6932
3514
8641
3658
7939
3683
5026
3563
3918
1620
1224
7595
544
2997
6228
1999
15
7838
1652
9836
2104
4940
9254
6813
8249
701
9404
4781
7
1733
6335
8782
9504
524
7395
4299
2595
4612
8702
6958
2521
1170
3680
7497
1324
6641
5178
3136
3854
8242
5710
7703
4367
6935
9146
4013
5666
4982
8623
4265
6356
4555
7461
1688
4382
1402
4122
2799
7754
4305
8389
9519
9214
6459
3887
2977
6188
8271
9716
8775
796
5279
296
4936
7134
6990
1153
7425
3333
2822
6206
1601
5361
192
3294
8957
3597
4150
6926
7621
3942
6256
3232
6189
7194
2888
6791
1674
4609
3484
8182
5510
5386
6968
1331
4427
7506
20
6866
4917
4399
1995
9298
6053
9451
8178
6776
4198
1556
5460
2797
5533
5912
2786
9599
2660
2687
5354
6692
5778
1562
3155
4889
5371
7663
2972
2180
7904
2079
8708
7594
8590
4070
7744
1087
4964
7038
9699
107
5767
5437
3094
8960
3765
7127
1961
9757
8336
8518
3402
974
1071
3222
8816
9183
858
3661
26
56
8275
6792
2270
5419
2223
9475
3955
7374
1875
2264
5140
7689
1472
2232
1342
7140
1835
5693
2672
4011
7866
3677
5491
9631
8502
1760
6018
7796
1073
7803
2634
9971
6752
4383
8448
1051
4024
4146
1508
1042
4285
857
3885
8861
7222
8575
3350
7459
6656
8619
1899
9314
2297
7217
6340
883
7946
1742
4953
5374
9751
1320
4031
9240
9443
275
3584
1082
8266
3569
909
4956
2456
7150
6780
3779
9426
9102
7157
1010
5754
4792
6804
8157
6758
9454
7926
7649
9200
2728
3874
7229
2017
3051
3092
8244
9807
260
9251
397
5635
9064
6480
6343
5950
914
4948
953
4923
5104
6798
2467
4981
2126
5721
2884
5579
7726
1335
9533
4970
3390
6670
6312
3191
7666
3523
8550
2498
45
1825
2522
6721
255
8903
3593
2027
7177
5471
3669
9568
8099
717
118
3335
6795
855
4418
9098
3419
9376
8059
1641
7061
7498
8425
6132
1555
9186
6960
4773
9499
410
5163
4473
9174
8395
1169
4192
4348
730
6867
3438
3394
6429
7604
4847
8161
8628
5355
1777
8114
1631
7858
5046
2412
8617
3302
4679
7165
9078
6328
4862
7811
5262
2127
3604
2720
4069
1482
5688
5671
8839
4423
8593
8721
9525
1009
8898
5647
1695
2942
9105
2550
9547
9714
3504
6658
7186
6115
9154
9664
5190
6754
7972
7053
9636
1615
8756
500
7026
2909
2579
1187
7268
8286
6170
5725
5212
3440
7998
8496
8409
8096
3467
9190
4128
1598
2659
456
4671
7357
4426
9780
6613
3003
6915
61
2682
4602
5399
1749
3126
1294
1841
6986
7773
7286
8495
3076
2206
6491
1260
7725
428
2534
2924
4394
7756
933
1679
9657
4186
3621
918
1381
7529
9208
8736
3558
1720
1715
2985
834
284
506
2947
7931
721
2178
5792
3755
7642
5436
4100
6720
2183
4439
2984
7737
7673
9076
6913
7345
1057
7543
8324
4336
7032
3987
314
1008
8931
7226
9693
8858
1060
6224
1703
7279
4023
7512
4491
8969
1707
3769
5953
7114
311
4238
6282
3691
8704
8152
4433
4462
2393
3223
6378
7749
7639
6179
6095
2171
6345
5230
1517
2286
7342
147
7504
9750
9502
166
6259
1068
6570
411
8245
2807
9159
2547
9840
9860
6080
1994
3489
6118
3953
2941
9626
8529
2864
9863
8262
4744
3446
6580
8424
895
723
9006
7261
8384
4471
210
4450
6527
3291
1257
3841
900
887
5658
9647
5937
88
1301
2756
6373
4442
6941
1276
412
8116
2083
9637
708
5615
1471
8378
6123
6041
9035
1526
5860
6185
8111
1954
3698
8232
3696
258
3296
7135
1423
4074
4558
9755
3781
3921
8279
9794
1636
5588
2237
8399
1664
2566
2107
5444
684
9799
8367
357
5501
2640
3538
4871
7769
5569
440
6660
4977
5037
1727
4321
2381
5002
1729
3624
4667
2334
6974
2622
3048
6595
9395
525
8827
2945
2635
7092
6858
4178
3901
6298
4739
6839
2900
3986
2128
1936
9362
230
5114
6284
2069
4512
5973
4041
4486
7997
6842
2853
653
2889
1851
2753
4578
9328
4025
5362
9690
7824
6897
720
6463
3833
9962
9606
9952
4090
1746
344
1966
2310
6441
5295
6502
7291
1490
9785
3156
4635
4513
1394
512
5158
9826
330
4380
819
8437
9375
1977
5005
7065
1288
7665
278
9660
9487
6616
3678
301
8086
8170
9004
5988
8854
2054
9531
8730
3536
1267
9449
289
4135
5220
9204
9361
1147
2524
3872
4236
6671
3061
3740
1550
9696
2565
437
4313
9265
5121
4879
6283
9497
74
9366
6478
8049
5819
4035
9350
700
4408
8701
5021
5608
698
5646
4230
1770
5465
823
6725
6049
9297
2084
3311
7996
9246
9244
7363
7072
2105
1102
8904
2109
1050
1541
3449
3165
8225
2472
1243
3028
6852
944
5829
6516
1804
156
5345
1579
808
1003
8917
6638
9228
4944
1993
8667
7172
2086
2844
3340
1408
6229
2591
4653
4078
1251
6029
3387
8419
8877
807
7004
1319
7527
4068
3407
5182
6469
9070
4384
6640
2499
9944
132
8717
7193
8919
8350
3068
6797
3127
981
6697
1028
2899
2752
2651
4586
6474
2873
563
3447
8012
3146
4703
6270
7854
370
2215
1500
889
7124
6056
5797
5074
6835
5450
3577
201
8657
1921
5038
7816
3758
9694
6241
5063
8626
6377
1373
3240
5702
4420
6436
3935
6483
2950
5196
44
5532
6306
7464
7984
8474
29
3876
4108
2386
5502
647
4326
3639
2302
5730
1024
8010
1015
3249
7983
7971
3171
3427
993
2537
2402
4356
2538
3788
8532
2081
8543
2436
3346
6149
2233
6100
2617
8326
3671
7885
688
3946
8560
6352
1880
7220
112
8034
3001
2501
8457
8444
686
3176
9600
9687
4570
2599
445
7793
1778
4681
2511
1386
9355
1694
8142
4643
1542
7566
5947
2212
5570
8685
8390
9778
3349
2204
8057
3379
5344
7056
3475
9924
5193
4664
759
494
4272
6678
2361
7392
2190
6444
623
7054
6134
9067
5305
2694
1225
6919
4884
6207
3276
9884
1348
6908
7490
2477
7531
8523
6629
4869
9614
8938
1942
7205
3992
560
64
7932
3099
1772
4019
2675
5077
6967
2921
6716
758
5751
8578
8818
7086
9339
7117
8624
2766
4750
368
6607
6172
6410
6558
7138
239
728
9303
8920
5342
6167
8670
2120
5583
4827
3
3851
5317
923
4187
5605
5008
2288
1575
9781
6379
5185
2210
2676
2581
77
9428
2096
54
6260
8047
4979
4328
1064
4402
3646
5373
3473
2541
6830
235
7545
3123
3247
6072
1822
7658
1798
9349
2667
8785
4557
8625
9821
692
3775
6161
6126
1091
7181
5124
8296
3081
4929
8339
2138
3373
7713
2611
1857
9704
8561
5915
3886
976
1497
3112
3570
7316
8472
6227
5273
7762
1780
4528
3255
7618
6975
1918
6788
2041
2089
1547
6423
4111
2957
1126
8222
2533
8769
6305
7940
2280
3148
6047
2011
7385
8328
472
901
4795
7366
3453
8379
8018
1593
4136
706
6536
6644
1111
1581
7958
7761
468
3480
739
802
1510
8398
5499
5536
1333
3282
7214
1329
3539
6458
6686
2725
4708
7574
2133
769
1486
3298
5205
5454
4567
5876
4796
3732
8860
7707
9207
3175
9982
3532
2102
0
4865
1029
9285
6365
6417
1534
1080
8214
3466
1561
657
3496
6816
3533
2291
4307
2038
3246
8484
384
1963
5887
1129
5494
4276
1070
8019
2887
7710
7644
6104
8503
2399
8703
9887
5791
8549
2923
7945
9436
9822
713
6547
3850
3186
4000
7122
8480
4993
9332
1395
8847
9959
965
1978
5692
7483
6465
1430
7813
4669
7057
2283
6006
6521
8027
1923
2520
55
5859
70
9215
5516
6522
1638
1790
2747
4621
9025
7741
422
72
729
5312
760
3487
9969
2328
5202
7039
9820
8674
3226
3993
530
4639
2784
7300
8489
3193
4354
7523
2545
3937
6512
5203
4999
522
9783
6773
4504
8787
8749
5589
93
5576
2569
5414
5776
4018
2654
2248
1480
9910
3210
3717
6666
7183
5020
7027
8469
2671
9712
1273
5478
7390
4659
2058
1604
761
7590
8837
4722
6528
4144
565
9814
114
5392
9669
6153
5423
1992
8316
4481
8413
2159
5873
510
1613
9947
2596
5216
959
4502
9396
9538
6750
5922
3773
4245
6704
745
4576
1946
5913
3168
3494
9205
568
9013
6907
6531
1669
3115
4732
9731
7401
1410
749
3337
2152
4262
7746
1427
4524
269
601
6778
5928
2245
2594
4789
4477
6890
603
2036
7102
6838
4826
612
8112
1323
1268
5290
4899
2918
9080
3688
3182
9514
3281
5109
2052
8716
2927
6030
3414
779
3422
4761
4447
7806
6717
9597
3060
1809
1732
7152
403
8031
4872
6361
7719
9450
7690
3343
5505
4207
1827
9991
1569
9249
8541
90
4244
8305
4906
9066
5281
3730
9805
3559
4456
4969
727
1201
7562
7016
2691
1442
3135
6421
6663
9115
8776
3655
1866
9238
2200
9729
2589
3700
7611
467
7180
8167
8153
6326
4139
1
6993
9155
6555
4885
1659
9732
6809
6565
3608
8201
8689
7508
3903
787
4414
8281
1642
7596
741
2207
2929
2748
493
3507
7650
3437
356
4665
7942
6636
9720
6353
2372
5047
7677
6598
1282
8387
4878
5997
6827
7846
2170
5773
4510
2776
788
1776
6456
3441
8583
5293
1215
8997
2692
9624
3762
2488
1265
6319
2607
1543
9148
3435
9567
3906
5622
8412
2201
950
5075
8552
3010
6226
6627
5007
7568
1389
3108
8963
5712
4712
7640
9967
9735
2988
367
3837
2076
1146
7555
1698
4678
5086
4518
9316
7354
183
1987
2707
3439
7436
8136
8616
8971
854
7629
3548
5581
9478
4507
3134
169
1639
8357
8432
5931
8939
5016
6734
4214
1844
323
7685
9336
5592
7711
3859
9119
8559
3348
3023
4706
9039
7875
7503
3550
4918
5425
7809
1067
669
7278
5894
4914
866
9434
551
126
4876
6202
3733
3724
4240
4057
3471
6245
1245
6709
1089
929
449
9842
6861
4842
7402
5003
3545
7520
483
9312
8862
3197
1895
9728
2509
7513
6287
1109
5451
7577
605
2588
6215
9681
5081
7093
1845
3720
5438
7994
2202
6140
7168
9877
265
4610
4628
2664
4894
1037
1766
3972
6488
4412
6592
1150
4523
8712
1949
4978
9930
5854
9447
9813
6793
2051
9864
2828
484
4138
8581
3551
9233
2849
2231
1011
4572
4849
4505
566
9659
320
4478
2628
6481
2556
8233
1025
9123
4858
2837
9234
3738
4654
5506
4454
7965
7320
5151
8325
7447
7112
4170
7541
6055
4500
2242
8030
5247
972
7877
3231
9584
6073
5638
7500
2584
1839
8405
1343
5756
1787
2024
1608
2255
1836
9069
1388
6246
8612
7337
6046
6757
4016
3806
8380
7174
1195
4267
9851
43
8438
5284
4836
248
285
9138
6276
8158
6028
4076
6824
2722
17
3262
8695
2693
7679
4410
598
1896
2999
8767
3990
3251
5585
4329
2023
1884
7966
9901
6707
5464
3975
1211
1199
1183
9855
7600
6771
5831
4049
4629
5167
9646
9476
9452
9520
4032
7036
1127
1262
7860
8527
5627
4233
968
6248
1812
3633
7332
535
415
8001
7310
1531
3638
4721
4260
454
606
6
8091
998
6155
254
9793
2469
8973
6152
7779
4021
7974
1261
4553
3728
4834
3252
3881
1891
9003
2553
7384
912
427
1716
4419
3808
5434
2131
7184
9137
5545
7456
8691
7957
5880
310
1854
7178
9226
5291
7223
8555
8621
7561
8045
596
9393
5746
9310
5890
6211
8991
4552
8524
947
7985
5
7302
842
9250
2897
7075
504
4646
5432
724
3780
7776
7670
6662
541
751
4308
2005
7901
5827
5229
9850
8751
519
4623
7835
9867
5934
9853
9345
104
4566
5340
7200
9135
347
902
1974
2706
9027
8252
5744
6147
3829
1455
719
8196
1209
4995
3320
2158
6689
754
7826
1735
2176
584
7502
7828
1791
1021
3711
7417
4292
7019
1429
1828
3410
1870
4946
8757
9966
6000
714
9919
3299
3482
7632
5613
2295
187
3326
6821
6785
6518
4293
231
9112
9390
6210
1307
6939
2123
7899
9527
1750
5984
8908
3767
4319
8156
2478
1246
4361
2449
7280
446
7798
6541
1229
7657
3739
8729
9445
6106
4851
9014
3129
3486
2515
2378
6286
7976
3229
4396
9873
3086
4821
6372
3021
7852
2423
6440
3325
6800
3011
6359
5538
5648
6965
7607
5363
9435
2003
3846
6381
9934
5749
3472
8392
2661
567
9622
9970
4593
8217
4026
3692
1291
8013
648
6729
2794
5322
4933
6024
6460
3715
2749
1859
1487
35
2965
4441
8724
9768
2492
9344
6466
7956
9759
6870
7732
2342
1400
9927
8752
4925
7251
9472
1033
1979
5875
6133
7499
7202
8291
511
2523
2062
9672
3063
2508
6008
5908
8124
7259
9740
9079
6407
8831
3006
1158
8910
1585
6859
8635
1709
2085
7481
4530
8557
1237
1250
3297
6996
2351
1691
9574
7630
9491
1616
545
7947
6590
5059
2958
2273
7763
6828
5411
5697
2239
352
9184
6315
9902
6129
3746
1420
6501
7659
3305
1001
4632
4709
2991
4177
1390
827
9760
233
2247
2670
3974
6714
7191
7118
8110
592
7263
8802
2668
5323
2241
5332
9875
9615
5154
4538
2971
8362
8189
3332
7006
6154
5097
7317
1834
4774
2669
8351
2022
642
5045
292
6199
6116
2872
2191
5750
7408
6054
9394
2865
5119
9730
2444
4690
4543
9442
4627
3537
336
1625
377
7584
477
7190
1470
4606
3050
4812
1228
1840
9056
5095
4343
4856
6774
1285
7369
8886
2621
9182
5442
3458
505
1525
1125
9424
2147
3020
2459
8493
6144
8934
8786
6402
5120
7586
448
9677
2935
1145
843
2500
6525
6131
1271
4655
1765
7077
9181
2688
5656
5758
8683
1115
2471
3753
8978
5509
9054
4928
7295
253
7206
585
7567
784
5453
7162
5802
9469
8944
4297
9485
7823
5715
8918
8504
1520
5401
9868
3391
778
4961
8340
7571
6584
4911
447
8739
1905
1177
9532
7185
7243
8204
3089
2727
1902
9569
8335
9147
6327
3805
8210
8915
8238
2980
4332
6628
9082
2189
6069
3541
6160
6174
6850
9698
5346
7066
1088
7361
2068
5357
5282
213
1163
2939
3650
2736
6163
471
3952
3867
2826
4989
1086
1436
2257
3853
4053
1193
3184
8618
6609
3534
6506
3835
1711
2777
8783
7977
1524
5325
3723
2438
7581
733
3430
1447
4295
6415
919
1968
8431
1130
237
2546
1385
4517
7256
5630
6619
4081
3877
7288
5563
204
9806
8859
8455
8710
8650
3334
9163
3659
9419
5958
8638
1173
263
9408
3980
9439
8236
1722
473
6183
6434
5137
7589
1708
9950
2465
7671
2540
4968
2198
6552
631
4365
9422
73
7358
7209
5258
6739
4754
7919
658
9131
5314
859
7163
9557
4644
8580
9474
2320
3631
2164
8778
7850
3100
6857
1985
9258
7598
2432
4651
9776
1106
2703
2227
8808
7645
9589
2493
8707
1656
7496
2583
3206
5409
9658
5011
8511
2735
2801
7113
5595
6563
9179
6244
5941
7009
1587
7424
7552
667
2362
7907
9479
1799
9241
6790
4867
9808
5862
5868
3164
8600
3618
6484
5846
9144
3924
6310
9492
4449
4782
6288
9572
6300
6266
7716
1630
8492
9940
3966
2276
1577
4909
6888
5763
5297
5711
4637
830
4614
4680
2258
8065
2016
9180
3884
9347
9635
716
7622
4562
6082
8074
4284
6398
5550
122
8192
6350
2665
1094
6583
6467
9578
4769
1971
5542
9640
9943
6433
9060
549
5338
4474
5187
1308
2851
513
3227
801
9
1351
8664
5848
2558
3526
5541
350
7526
8658
2979
6482
4658
5504
8267
5971
6854
5817
7282
4837
8248
9292
8972
6944
872
8902
8686
2000
4378
7012
5784
9164
419
4298
3619
1878
2439
1396
6119
167
3327
6593
7330
4726
5276
3085
4258
2313
6831
2427
5774
3920
3400
7203
5652
1578
5603
8531
4191
1441
7880
489
7929
7747
7706
3307
6945
8836
8137
1600
6014
1751
8843
4092
6445
5933
3138
4960
2352
5298
7688
8185
3502
7195
5069
7334
5201
6019
4167
8508
6576
3183
766
3910
7078
9563
3124
2061
8521
1242
5909
5562
66
3120
7489
2874
1377
7482
6896
287
3754
7591
5477
1496
2944
6257
9619
5995
7693
7865
9232
206
8893
9045
9050
5060
6195
4752
547
2145
9605
7745
9109
3612
8872
9239
6630
33
8105
413
6096
3976
6430
6485
1418
2166
6952
2346
4277
3546
9363
1354
3064
3039
5564
1546
4395
3734
4701
9107
3839
5865
9024
757
8071
7817
896
4287
6982
3893
6902
7415
4668
6125
6110
8206
3802
4573
3789
4176
9936
2716
736
1869
2580
5684
5130
7785
2791
5141
8996
3072
5891
5892
2110
639
1359
8520
5886
8121
9392
9380
7219
2858
177
7493
5320
190
3317
5768
5078
3865
3565
8711
2638
7918
3277
3600
1962
9665
2337
4854
7008
6493
2140
2835
6268
2035
5267
5152
5602
6205
2598
5166
7723
4569
3664
9143
2600
6713
4052
659
321
6708
2804
2836
8804
6077
4794
1014
4330
1004
1207
8055
8505
2869
96
2072
3581
469
6946
9741
5418
1781
9908
2475
3575
5610
8218
2773
5492
904
7808
9890
6322
2970
2481
6706
6031
326
474
3963
803
9608
2818
5683
7231
1788
9984
5429
2413
4169
1567
9747
6151
4232
9034
1304
8663
8546
2491
8100
3719
9540
1678
1066
9040
7805
8544
2006
7236
3978
580
9090
2967
1035
6294
2731
5360
5413
7373
6511
4922
8895
3362
737
353
4058
3931
9440
7849
8912
4741
725
2834
375
3288
4219
5921
1498
3578
9242
747
9388
299
836
3310
486
5433
7906
9402
34
3356
3637
9256
372
3511
5893
1255
8525
2410
5296
1232
4974
2332
5821
6498
4096
9815
3964
7937
4903
4142
6664
6843
4153
5146
5662
1457
1764
5019
8733
1371
3651
5253
4549
6487
1461
2880
5288
6293
4755
3042
7908
2415
7237
5353
2473
1855
2645
1582
8307
2585
2197
4962
6232
3220
8197
3321
9856
9028
339
1548
8962
2742
8079
1619
4615
3116
2495
7848
6424
9456
9710
6146
6043
750
7062
1873
8998
5625
9172
1040
9656
396
8017
9748
6769
1403
5129
8048
5162
3582
2914
9225
8194
9357
1748
7264
4197
5727
6898
9909
3958
9189
67
3260
2557
3815
6624
5661
2357
9882
7742
6924
6886
8510
7466
3090
7993
9257
4366
7825
7559
4216
6925
71
3405
3058
3759
8830
1134
7306
4921
8777
5439
2315
8261
1872
951
3361
5519
3104
3796
6806
85
3509
5963
2219
6865
6756
6217
60
7070
5329
817
7556
2932
3106
52
6875
5421
5820
7024
3451
7617
194
5881
6943
5126
6468
1519
4949
6461
2780
2717
5493
6820
8984
4208
5617
5861
3034
1488
8781
7491
4980
3701
1233
203
7367
2639
5614
8766
8329
5626
8884
3989
2065
7471
2525
840
6447
5430
3817
8857
4362
5955
8429
4641
4766
9263
8659
2070
4455
8801
838
3027
1702
3508
3045
8461
5099
8032
9865
6981
3595
3301
1081
1897
4121
2885
621
6749
462
1128
6004
878
5899
5805
7515
1397
2281
8811
3605
4004
1502
8039
2740
5814
6295
7592
9912
520
9611
6668
7782
9682
106
2043
5903
3629
7922
9684
2111
7472
1290
2952
4220
9692
7553
4340
5131
7173
5643
7757
9466
7020
8883
2376
2810
6759
1894
4468
8354
1020
9625
8365
5866
2047
4009
964
9490
9473
8082
2738
8130
4141
1651
1046
2840
1672
6166
4082
9701
8654
2711
6751
8024
3212
7249
2101
1369
5611
119
9300
4352
5036
2870
6682
1104
2298
1274
651
8129
407
4123
3922
9917
6767
8990
6173
591
7628
6544
7928
1289
5793
7423
9360
3660
4112
2329
6509
4357
9891
735
7912
393
3642
815
4010
2713
8479
5809
1549
2695
6400
2228
4388
617
1882
402
1132
5990
2100
2162
1843
2770
4199
3831
8172
9202
3448
2517
6426
2928
6530
6336
1982
8046
3649
4350
4868
5470
5459
5798
2657
3295
2785
4893
4996
3353
4183
4237
144
9493
1964
4877
4185
7033
4951
2142
2450
3610
8195
626
9120
9259
6812
5270
6985
4881
4624
6494
3214
8372
3498
1034
798
7098
2168
7540
2114
7430
2064
6065
8440
7285
2593
2112
9838
478
2419
1560
3589
7539
676
8542
5199
1133
1989
6978
82
4934
7084
4731
3843
4118
6023
3424
359
594
2750
7416
334
2222
615
3452
7312
1853
5128
7103
635
5624
3863
8636
9337
4239
6823
8800
4804
2339
1152
7362
2443
3032
4101
3766
3015
1650
7697
7873
1451
561
853
1023
2998
7804
9467
5944
342
2817
4772
7451
3371
4030
3160
4494
979
9073
5403
2220
9800
7951
6503
5160
4516
3079
3230
8967
3933
7207
3429
5039
2943
1098
7975
4580
8237
6741
8356
9411
6449
2839
2057
2067
8796
3710
7987
4341
8936
8953
3515
7433
4088
3675
6422
5966
1214
654
5987
5044
8539
4748
5842
6643
9758
6787
4927
1356
5031
3743
2311
4695
5287
6003
1990
2758
6961
2734
4714
4259
7167
2882
7139
6517
3257
8179
5544
4746
1234
2031
5619
3208
6130
5076
2287
574
925
186
2382
65
1166
7090
1960
2460
2048
2829
8842
6219
9477
2066
3961
439
1460
9900
4403
6623
4727
9876
7153
9042
2666
9471
7731
1184
6557
1864
7076
3991
2697
4431
5125
1367
8212
7438
4095
6190
3603
8784
9573
2848
8850
9287
5785
5241
4490
9037
7894
2948
2808
8882
4483
3205
2375
2293
6184
8368
3611
1119
4740
6610
6397
6997
6805
7096
5665
4066
1392
5651
6575
5733
457
9338
7764
8468
1676
9702
5942
1852
9268
5490
9020
6025
9941
5500
7381
8582
1633
37
7398
116
5171
7244
1210
9779
1339
4605
4062
8127
932
4824
9306
2938
3250
4902
6148
9389
8381
3847
6094
7941
4334
9938
7662
521
4086
2034
2680
9094
4229
5391
6515
4036
4676
9923
9978
7047
3925
5265
4724
4689
9315
2551
2949
6376
1687
6579
4597
4409
1344
1159
6747
4301
9415
5694
1930
6464
1387
6546
1991
7176
2464
6363
3166
7035
4110
8363
5826
5920
9746
7560
6674
4838
5508
3705
4063
129
9405
7273
6572
4459
7933
4825
6253
8609
1417
1286
1588
1919
5463
6081
2910
3542
9353
3368
4959
5469
7934
6891
5812
1327
9818
8228
5382
1164
2039
6314
157
8485
5672
7294
9175
5286
9790
7780
8360
6239
2279
3764
6354
1860
8954
8140
3189
9335
4784
7886
1031
5528
7287
5424
8592
3009
2878
9546
8268
7705
9341
8536
2936
4753
5655
4778
5387
9621
7565
3984
196
5050
8906
2172
1277
8933
3351
1680
2354
1849
1305
5723
4801
434
240
2528
5343
6425
9904
7704
6037
6128
3406
4484
5100
1263
6111
138
2417
465
9220
6832
5901
8815
4931
7143
8243
6091
8820
7128
295
8402
2263
5324
6710
3313
9352
5147
6969
2549
9709
1391
1075
6389
5486
3420
7044
4736
9496
491
8671
6212
5872
9002
5272
6688
6504
3869
3543
1103
1185
1558
791
3107
5313
5994
514
662
8106
8602
7583
9649
9501
1048
548
308
5118
53
4991
6394
3712
4787
4130
6514
2030
6892
7960
5441
8940
9715
4759
1889
1737
9897
6736
5056
5484
9377
8345
2365
1690
1443
5540
2613
6262
3289
6989
9937
790
2093
5979
5948
3748
5208
127
1303
1360
6603
4411
2092
8445
7627
6675
5385
9773
2576
5993
2650
8828
9722
7277
3814
7485
6654
8292
6605
699
7052
3772
5431
7476
2714
8155
850
5685
577
8834
9283
4713
715
108
1944
4625
5869
3204
6346
1515
5188
5068
3442
9081
1384
9994
7587
996
3591
8478
3810
8864
8094
1122
4687
5379
7254
4282
9299
963
1580
2442
2868
9421
6341
8899
8500
1846
4479
1047
5916
8885
5832
2325
1078
7327
4757
4182
3968
6561
4205
4735
6331
4532
4162
1637
4636
1744
6387
1609
5223
678
4428
179
5186
573
3071
5087
6893
1254
1077
7978
1832
9500
2336
3971
7240
5018
3557
2149
957
7021
3996
363
4511
2708
9713
1660
7375
1506
8534
4327
610
1728
7487
8930
8610
1948
5954
5902
2917
3491
79
9775
3436
8601
3253
5679
2702
3234
1957
5553
5571
6231
8676
3280
5594
7422
5427
2806
8866
3404
2429
9274
5705
3077
9417
8598
3029
3425
1988
9668
4535
2266
3309
4145
9049
4880
498
3392
8317
6818
7394
1483
2715
8171
6606
5482
140
7821
165
5642
9165
1259
1162
852
312
8410
3285
9678
6208
9662
7914
1705
847
1689
780
349
3169
3370
7948
3005
6712
3860
5978
6213
6435
8021
3939
4591
1592
6437
7921
7260
3830
7724
3130
5965
7350
1143
9063
5449
9370
9880
3602
3111
4469
1085
3049
4014
3093
2230
4699
36
4227
1881
4588
9620
9371
7895
1718
5670
9327
4338
7399
8288
2560
8494
962
2045
4947
7533
5443
7488
5169
9872
4891
7789
8300
1623
4355
1640
7297
9409
2503
7925
7637
7691
5102
8653
6109
3757
7879
4704
5487
5853
24
8374
8160
6122
2992
2243
149
3024
4091
121
6064
5061
3153
2819
5560
8258
8322
6324
6138
8452
6976
2262
9886
7911
2658
646
6279
40
4705
865
5098
7314
1837
2396
7081
9284
6448
6669
426
3555
7831
1551
2154
7973
7799
4697
123
9354
6405
6392
5495
5737
7738
3804
7654
2213
9980
3459
4073
1467
5410
942
333
3892
9364
294
1450
9618
7025
5598
7856
618
9019
7678
789
9255
3008
2719
2987
4548
5000
2890
5473
3657
3586
7653
110
1200
3461
5582
8148
8020
9945
7238
2317
9918
9125
4148
3625
1666
2767
5557
1947
666
6059
4790
1545
2418
6519
4034
7414
4997
9737
6651
6453
3813
4861
3383
5716
5251
250
9252
5850
245
9412
6937
3800
6274
2267
8423
8746
8483
2686
6159
890
481
1016
5001
8832
4694
7262
1439
2002
2782
3891
7672
762
9974
9153
5468
6385
2760
8417
150
3703
4080
7892
7292
9896
1771
7293
6428
5714
1700
6192
636
2028
6143
8113
5479
6200
9593
4967
8119
3512
7411
5668
2029
6124
1883
8005
1752
8584
259
7137
4857
4972
3248
5334
3372
5599
1973
3742
9874
8723
5584
6849
9489
539
4103
997
4175
3374
4592
4294
57
3527
1699
2562
9429
3244
5975
6882
4585
824
4915
5609
23
2612
2044
2134
4461
7700
3259
5986
3528
4526
8053
7160
1283
3241
1527
7218
6722
4648
5094
5198
9097
9686
9095
7272
2296
5191
2700
782
6414
3673
6330
7576
101
1101
1634
7501
9113
6001
8135
9103
458
7770
915
4783
8780
1475
3152
8530
8869
921
8715
926
6810
593
2253
7783
2926
4937
6910
6472
9407
8132
2514
8681
9817
5618
704
1594
8355
3667
1362
2933
3147
9841
1431
2156
6181
2582
8069
8164
1181
2787
5565
7043
999
9194
3444
2097
2388
3862
7558
9999
6588
4693
8319
354
9553
6543
2359
5316
2842
7694
8698
9816
7284
8851
7281
256
3583
6649
1756
9272
6462
6918
1030
7913
9001
3866
6862
4028
479
7446
1007
5048
8373
526
3672
2294
1264
7353
5696
3832
7234
9983
2015
6596
1374
8732
8961
3273
3870
7867
8414
1874
2620
3221
9515
1522
6497
8138
753
9973
1298
8841
9029
2383
8420
6337
4887
7235
9703
1476
2726
8870
1532
7326
9987
7735
3033
9961
8558
4986
7949
362
8033
5628
712
2779
6845
7740
3554
7325
6690
324
9373
2249
4283
6685
7460
5079
3411
4988
7868
8700
774
9965
6009
3875
7095
7365
5969
1123
3615
9400
8016
4844
6060
5951
1406
3915
1624
3510
2904
1658
1039
4005
3057
7631
994
9742
1879
2021
2077
3485
2452
3654
8572
1414
2792
1675
5452
6535
94
3030
9521
7570
4873
5481
8308
6871
4973
4120
2931
207
690
5552
1975
3858
9721
8853
6446
5054
1554
4808
1731
1240
804
5992
2812
1924
9152
2160
9913
871
7720
5496
9359
9762
3243
9212
1341
4248
8341
1565
9607
7356
9038
9774
2771
9723
6520
9296
4833
9116
8269
8075
8907
7522
7215
2049
3271
6307
4368
463
1521
905
7643
640
3623
8822
8696
6087
1740
2463
5720
2466
1287
385
7701
1629
1248
171
5358
1719
2574
3627
9992
9320
7992
9634
7480
7599
6240
9577
5139
2709
3936
2973
7748
6650
4855
6953
276
6936
8115
9560
4583
5959
5788
2261
7276
4306
1218
8067
9845
3228
8966
1614
5548
9725
8735
5844
7100
58
1838
9457
9016
4059
14
4043
2330
2627
1511
8141
4811
8640
442
8348
5235
3531
1559
9072
8276
1953
1933
8878
833
83
7760
4640
6723
2046
3091
7341
4312
1738
1175
9846
6476
6909
3341
1053
8682
5851
4077
142
4377
8660
7641
6718
2037
1281
6691
6648
5283
5689
9920
555
199
3113
8309
540
8888
8648
1972
3454
987
5718
529
105
2303
3985
4788
8321
211
8263
7818
5280
7822
8753
1485
5631
9052
