6671
7146
184
8833
1489
4098
4425
5427
1065
3038
2133
1716
5026
2463
2497
7312
9432
8781
5818
6777
1458
2963
4772
4170
709
3879
5893
7530
2566
9081
6755
2029
1089
5303
9949
242
5212
7347
8284
3497
3721
503
4317
131
2739
4623
9039
2882
4564
8278
2918
2568
8176
4977
7633
8856
6608
7590
370
5481
7669
4506
343
4499
6654
1443
155
4046
77
9964
5096
1965
4053
3865
3880
3774
8950
4093
3791
6421
773
9655
7843
8158
3033
7166
3458
583
5379
6279
6027
1951
2648
8156
7005
8166
2823
1986
6255
169
4771
9673
4152
5171
5707
5709
2795
1349
5374
5932
8940
1281
9455
8433
8406
5455
9497
3143
1393
9629
7780
4195
3021
2765
8452
3162
9149
6734
6876
8677
6370
9713
1942
5843
387
1060
5921
2244
4683
8775
3946
6359
4465
8194
8652
7607
3470
6151
3165
6464
4334
5924
692
5001
5378
251
3631
2220
1104
5957
3288
2689
3899
4510
2017
1780
3569
4809
9778
114
981
4699
4832
1507
4577
5215
4701
9698
134
5745
3442
3277
2315
9742
3555
2486
1318
7375
6202
7122
7830
517
1487
4420
9115
694
2902
702
3265
9477
6173
3074
2745
4842
8606
4738
2894
2009
3456
4357
4245
4064
6512
6701
1663
1505
6120
3699
1636
5256
9552
8076
9521
2246
1290
143
491
5228
6099
4114
8962
2695
2719
340
9276
8729
7497
3279
4220
5847
3795
8008
6546
2828
2778
7357
9752
276
7048
6055
9605
4304
1072
8881
8726
4145
2281
9652
6939
7948
9695
3810
4436
6434
8778
2535
2672
43
140
4236
624
6268
5123
1643
8391
4667
7630
4952
4270
3362
8500
42
3549
7294
2621
4561
6977
3170
8091
872
7098
663
1431
9145
2110
1120
7679
5286
4491
6108
2042
6234
8816
7155
2631
6011
4387
2122
7363
129
9519
3749
978
8749
2838
1198
9449
3451
4644
9446
1554
5737
7879
1639
2849
5279
7411
3251
3438
2061
8467
1209
5413
2092
3353
1346
425
292
9480
9965
7066
252
721
5392
6532
6336
3805
9933
639
4846
902
6831
8513
8148
4739
4401
3743
6111
3789
8161
2960
3802
6793
202
5607
901
3106
5965
5592
7231
4891
1427
198
2673
3584
3047
1226
2222
676
4551
5305
5113
6803
2733
7694
596
8107
9415
1764
8386
5307
7535
1296
2138
8049
9914
4865
7979
7962
4403
5458
8942
5150
3642
2848
6578
4844
2729
6107
2645
2696
7349
3632
7443
4629
4796
8293
5578
4189
4543
1900
2587
5621
6627
4075
4816
1222
6634
7430
1073
4295
1023
6980
9413
6197
7275
3790
689
933
5978
7707
2814
4976
6887
1256
57
8509
9878
6338
8798
4449
7303
9692
8920
8047
9947
6693
7968
7438
9252
7296
6496
7118
333
7060
3999
5514
9854
5620
2692
5284
381
6071
6787
6179
5601
5101
4211
8919
3676
4369
9824
2112
3834
7934
565
9504
8396
7379
8229
5606
1911
8922
7229
7822
5875
1707
2427
9821
9197
3637
1101
873
6327
7285
8566
1586
9044
7287
6962
6722
6527
942
7751
178
3634
4861
2060
6176
6832
2373
8011
8388
4262
4743
6575
3420
104
8670
1541
1712
1194
8448
6319
7199
2023
2641
8266
7940
9321
9744
3245
7613
8853
2564
3296
1117
9650
7768
9092
5727
1802
1503
4780
6560
440
2195
6333
9173
1411
9758
7321
9782
1956
2709
636
8989
2274
7186
9213
1546
9086
4352
8068
1200
7616
2455
4077
6288
602
7435
679
6164
6522
8954
5974
6482
830
4101
2303
5908
7337
8022
1589
7977
6885
6699
5559
4208
8840
6685
8403
2680
7420
1245
6267
4474
4062
7094
448
4497
9064
8237
9992
7575
9687
5044
1587
806
8949
4884
5175
8894
4437
6927
6087
2232
6893
4310
9249
894
3142
8971
7702
5841
5354
2277
581
1176
218
1606
3913
7638
1897
7916
9587
3755
8594
812
1391
4383
2127
2611
2157
3368
5148
5629
5197
3782
6752
1103
7292
821
5793
5780
4083
8795
7105
5630
7949
9555
5031
1449
5895
8067
5187
2355
1297
2128
5967
1265
6516
181
4546
478
7228
9108
7522
7857
4003
1442
4200
4112
3901
8048
9988
9055
8465
9884
586
5019
2781
7121
9247
6840
4969
7895
7706
2698
7643
8516
4485
1598
5475
192
8126
7040
7637
8741
4045
3533
3090
8721
8340
7528
1329
815
8927
7325
5061
2044
7109
3779
8838
1341
5941
9891
2402
7354
9869
593
5898
7820
2377
3725
3842
6372
4297
5595
3153
1676
5084
1379
2699
5316
2418
6013
1885
8427
4210
345
9061
9708
6812
4324
7001
6870
7119
5158
5389
1697
2953
6020
5405
1939
4160
283
3011
8398
7870
7670
9515
2013
6326
31
3235
3759
6042
9886
9970
1418
13
6690
9329
5483
2887
6521
4792
3293
7137
6741
4049
7683
571
3742
741
1350
4936
877
8804
4402
1738
2639
1163
5928
4381
2433
7922
7570
2172
2770
9491
6390
8245
8363
6
5159
7984
9234
3435
909
8129
6599
3390
5071
7759
2661
7067
5838
4584
1231
6749
3298
4636
5067
4224
1776
2480
4322
3545
5815
265
6246
4396
7496
7097
1787
3552
3824
7884
2826
6744
161
3081
1097
9894
3684
1184
2330
5462
1736
6470
622
130
2679
3768
8437
4972
7807
4733
2150
4247
1293
1394
3544
8621
7885
6241
991
7218
9862
2036
3557
5788
9973
9383
8655
4376
549
2109
3174
8921
7853
6960
625
6649
8957
4471
3568
8679
5816
4814
1424
8646
1863
2153
372
7070
6306
8932
6367
7901
8276
1482
8565
3233
308
4099
3234
315
9195
8746
3854
989
1714
210
1715
3400
7546
5208
4440
2967
9707
476
6328
1609
4156
6570
7437
717
5172
7274
8923
6106
4634
8870
2624
9722
2368
304
7681
2834
6112
1732
7634
9095
4707
8819
8365
4815
82
9591
7168
8498
3944
4227
8231
5537
5876
8367
3453
2360
3825
2113
9119
9172
1311
2667
5006
2551
1651
443
7365
2177
3461
8667
589
5296
4375
2897
3971
9475
7117
6768
8689
6844
2099
8829
868
6950
4995
9982
5552
8683
8260
9403
4086
8586
5202
4389
7799
5532
298
7308
5761
8769
3336
2504
986
865
8631
4454
106
8172
4274
9735
7377
1409
9905
9565
4272
5982
6655
8124
9320
2884
7297
1191
2660
5873
9488
9022
5155
6289
322
5881
5238
2989
4448
3334
3274
8817
1695
7524
9975
5767
2141
1197
6619
3867
4109
8761
4537
886
9280
5204
3100
5655
3459
4885
7560
2435
5161
9436
2871
2793
8471
1647
3149
2999
5065
3983
3491
1918
1945
8808
8743
9885
8771
4744
6159
745
8878
9138
1898
2961
2772
9496
1342
2590
7190
4392
3896
7393
4294
5863
805
7748
9653
8094
3219
5480
2932
7840
1777
1335
5461
9020
2116
6435
9323
203
3532
2111
5631
6596
2088
9178
4285
9009
3659
776
6232
5115
3625
6276
590
6919
3870
9738
1280
8449
6656
8265
3207
4704
4074
2156
6593
8614
7671
8182
309
7482
6974
3959
4715
5573
9866
9075
6296
44
1288
6459
1895
3848
9476
8770
9390
4337
8106
3894
5073
8489
3655
4806
835
1170
8302
8456
2345
1262
2393
482
5979
7239
7733
5915
7911
9167
7301
2338
64
3428
3118
9351
6935
5826
2011
8766
7378
8782
4108
1092
9151
2560
7248
4118
822
3923
3297
9806
6001
2470
2336
3942
7851
5781
7220
458
9733
5958
5403
9608
7773
9015
9699
2956
7111
5457
7832
452
2058
7745
6156
7610
5082
8223
5454
4666
4431
9417
898
3996
4457
4581
1583
1388
2557
4196
8686
5547
8705
5643
8524
8813
2250
8925
1476
9410
3378
9801
282
6890
6558
9140
1228
800
5298
3627
7516
5770
4169
9106
9452
266
7834
8768
1283
9882
2930
4363
7049
3432
3300
4674
3291
2659
8625
1534
699
977
9780
2596
4755
560
6851
4620
9078
8803
2352
3741
3473
6154
4054
87
1612
7783
180
279
3042
5623
8271
411
1069
2574
746
4576
5222
7283
2096
9620
9944
8296
1875
2536
7335
3337
172
8043
7221
1291
1563
5695
1169
436
1308
3717
4828
1309
2928
6436
1059
6515
1365
6048
8915
6039
6959
6502
7322
1225
1334
7882
6185
8256
4186
4326
5994
1536
3122
6965
2784
2675
466
8120
5791
2240
515
3019
7019
4237
8035
6667
5009
5522
6807
3846
499
8966
8700
8783
8316
2548
3124
9766
4562
3357
2531
456
9158
1952
7791
7225
5018
1619
5364
7913
9427
3886
6947
9645
6320
3384
2973
7093
6483
9460
1754
3406
8619
450
5330
1725
7425
8534
1354
6882
3164
5878
4428
7340
5145
1870
2209
5570
4556
2742
4399
7929
7440
9224
4307
8179
1662
2019
616
3855
9344
1704
2293
6406
7077
3188
6567
2740
5868
2632
2686
1028
3838
3354
555
1727
8150
9000
9082
7731
7069
5147
1635
7642
2556
5107
30
6123
509
4786
4314
3
2219
2500
396
8748
823
1173
4961
3851
3306
4359
8745
2383
8470
4800
1083
3110
7720
7344
3712
4769
785
4184
6675
6875
2545
4745
3831
5555
7802
9182
4468
7039
5964
2273
3415
25
8466
4487
9161
33
7865
8160
3472
6551
2614
6571
3898
1979
5987
4970
597
7664
78
8663
4082
9067
9864
8641
6024
9008
6973
4664
605
6305
2194
3658
810
4950
3925
3221
3366
3612
9125
7419
2118
1463
9411
874
876
8227
4181
2944
9827
4853
2249
962
5834
1171
9682
932
6009
8886
5443
6318
5300
7666
6836
4592
7544
2238
4573
223
3863
6942
1613
4301
8854
754
1108
5966
5442
307
1340
8153
6291
1305
976
1560
4232
1263
9394
3984
5905
99
9537
7457
3794
88
3201
4798
6317
1890
6668
1001
7659
4321
2318
3181
1352
3338
8793
4507
7387
3680
1408
2176
9929
7577
7549
1087
5510
2031
738
5447
8362
8343
9585
9876
5748
6879
1328
8246
9237
3085
1483
2331
6771
9431
3934
6420
8980
9160
4370
3355
8944
2822
6240
8963
8776
9865
6093
5376
4928
5859
6474
4348
4235
2983
5097
9996
316
3811
6658
1535
9703
2174
3949
6215
8216
7640
2816
5612
3290
859
9454
5882
925
7241
374
8412
4996
3739
1964
6438
4606
957
3698
2988
6838
7266
3405
736
5959
4059
6236
8050
2790
6796
1444
9997
9863
4067
1538
7514
1131
8649
9282
2268
2522
9761
9393
5594
9916
377
6754
1136
920
5821
3678
762
1271
8530
463
2349
8056
2622
2399
8344
7362
1066
4188
4994
8661
5766
2453
6495
6142
4967
337
8676
9319
838
2260
2400
5109
5315
8496
9848
3139
9871
6065
8903
3052
9316
1017
2578
2126
980
1175
6873
8960
1816
2048
4585
860
9243
5805
8608
2086
2518
6895
8095
4933
6565
9919
2511
1210
4393
9809
4278
9817
4900
6751
2591
6989
566
8999
5401
6193
7439
6689
5335
2476
3376
4870
9684
4760
3614
3718
7739
3882
4119
1608
7063
341
6582
5954
6186
2304
6251
5274
5519
9355
3932
8883
954
6682
899
3874
1239
6857
3315
6189
1855
7533
5543
7737
5393
1095
8318
9563
6814
9701
4055
1415
8112
9968
7872
4883
152
6386
4179
3756
2387
5387
6130
6663
9903
6553
7112
654
5424
6640
2846
5929
706
4221
1913
818
2563
2493
2971
1995
1810
4323
2980
6706
8991
9736
1744
719
7113
1694
6498
2254
2207
9358
1279
8101
3966
2802
7601
2167
9985
3525
254
9597
6375
9326
4327
5229
6982
5691
6433
3114
8226
167
6272
1446
7996
4382
9265
4057
8080
2266
5794
2906
8165
2062
5899
6344
3731
8075
2098
959
6018
1610
9543
2700
5566
3276
2585
1996
5716
871
7628
9927
2921
7018
7944
4741
2776
2526
8041
5381
6457
2655
1775
6346
4756
6143
1451
2179
9386
9631
2524
4248
6431
8083
9557
3464
9774
1508
3437
3344
7992
4419
6590
5531
4673
7232
5989
5797
2378
1840
1434
9077
8572
2163
2053
1015
2860
5262
6227
7592
9104
3630
9264
9447
2569
570
9371
2287
15
970
5195
4645
6206
5813
8078
9814
9105
6745
3640
9096
944
4052
9290
5091
7808
729
3679
1936
4225
2981
6676
1207
9883
5990
572
5496
2782
2969
1040
3127
7864
652
4948
6257
1152
3256
9727
8410
6389
1484
8149
4680
1389
9485
2763
5119
7462
4434
3417
1119
6329
6285
6454
4578
4624
6047
6507
3116
6440
8737
6842
7653
2900
5831
9405
4999
4685
1905
6549
7777
6611
2503
2744
6126
9779
3510
2899
4896
8208
4706
9103
8546
2910
8557
3600
5309
7726
388
1143
4958
1002
4867
3609
866
1509
4226
3515
4140
4535
4139
8545
9089
9406
2512
6110
8812
3450
250
1322
2037
3421
3615
587
1689
9189
1973
3908
827
8587
2853
2880
6427
8381
8328
81
1921
3598
8738
395
8069
8336
5889
2100
2200
1022
2204
2308
6332
8488
5644
9980
1172
9534
1592
2334
199
7969
8880
4024
5114
5854
8119
6839
2217
4201
5688
8015
4528
5255
8711
2806
5667
2445
6250
432
8584
7727
6187
8072
6342
5518
1099
1838
658
5609
7811
1480
779
6581
7230
8627
4946
4284
7280
118
6200
3638
6972
6231
1837
9220
6073
1584
3433
3997
8728
8070
2836
8361
3179
6510
6403
9849
9434
2797
9253
6881
4296
4416
2142
8905
4979
2451
7649
2919
3660
3688
1879
9712
7523
2095
3000
365
5243
3246
6790
1743
1815
7307
2014
3819
8871
5971
5628
416
204
2430
6799
1748
5417
1800
7562
9823
7
6863
4041
5713
3673
5651
643
9889
1571
6730
9458
1920
4084
2039
7880
811
7661
750
3066
359
3494
725
9510
5936
9317
4218
5676
7785
6621
2106
2613
4509
6866
429
2642
7621
5188
3227
4665
7273
1203
455
9528
6505
2974
5070
9052
668
5907
2436
8421
6924
4168
5163
4919
4819
8675
7442
7542
6136
9509
430
524
8681
6931
4421
7503
4571
2309
6669
1967
256
4106
913
6057
5257
2082
1734
4493
412
6617
5608
1791
8559
8221
7338
4180
7341
7487
5432
5176
3136
6437
3961
1333
4992
8255
8334
4589
9554
4092
3516
6545
4703
6520
2972
7510
7177
5146
7591
490
1827
7983
6149
5347
5008
163
1842
8869
153
8203
1887
9379
6929
8060
3488
8000
3157
5419
1078
1156
9207
525
310
6411
5814
7907
751
3671
7358
9469
2861
3585
1990
1021
1530
1477
6368
7833
3565
4240
8975
7906
2644
599
6095
5598
4990
7841
6845
1006
1982
2843
2573
2605
8378
3112
4185
9851
8131
7260
5357
4983
3686
8081
6954
4149
2946
4480
7924
3419
7507
9603
7446
3193
9013
867
696
2071
7259
1818
5960
2263
8674
8904
6587
6218
558
3948
9954
8784
3152
1602
2460
4110
9524
6225
9536
1158
4122
2805
9989
8099
9354
2475
7952
6092
3895
8438
5825
6518
8733
617
1781
3878
5078
9912
2755
9179
8021
5567
983
4277
961
9507
4121
4817
6256
93
4268
7333
5890
4692
8419
4126
5730
9174
3972
3697
8199
7461
453
9066
4716
8416
9859
8682
4554
3238
4298
2117
8192
568
7867
9288
4414
4762
5970
4939
4395
8732
1755
5431
1650
7824
1828
5969
7734
6471
8195
4439
500
3998
4926
6277
6414
4025
3647
190
9530
9794
6357
4233
1422
985
6902
8062
7051
7821
3080
6295
380
4978
5520
4779
3465
3833
4027
4398
6134
6911
434
7823
5804
3977
3241
3239
9283
67
7074
1593
9545
9502
1758
3500
2652
3738
5247
1924
9420
8016
7214
9635
804
8027
3113
5400
844
6996
4808
5640
8045
997
2320
1513
4734
8952
3606
8152
8084
1532
7210
6903
4818
7938
7373
4147
646
3194
38
533
9463
6201
2875
1872
905
3284
8708
6715
9481
4547
6594
4875
2414
6849
3003
9461
9470
5184
1941
6096
5090
9657
774
7569
9238
8537
2181
5560
1221
2381
1943
2495
3138
7990
792
1528
6360
9391
1649
3253
7182
1145
8280
938
1524
5288
1115
5515
7981
9365
2581
7007
2506
8611
863
5534
6884
7790
6416
7615
2811
7244
7042
4417
9689
5052
5080
3388
3231
402
9196
7755
1711
647
2735
6429
8912
4658
157
9228
5372
4328
1778
2741
6874
1167
1661
3904
8288
4549
1600
8190
6462
8413
1202
3777
7180
4520
3075
7700
3397
6963
4257
3592
8290
7147
8167
151
1253
5870
1723
8303
344
5181
2237
6480
9582
4379
7717
2384
1799
7013
1594
7608
445
1249
8569
5003
2459
2103
1749
1003
1763
6519
1614
1380
1821
8257
9216
7932
8098
5686
5811
2690
4617
9656
3013
3455
7806
5773
5118
7678
2350
2567
3026
8202
8717
1275
4628
6920
9109
6746
2636
893
713
5984
4663
413
1706
1371
6554
1024
3485
6579
3618
8656
4724
4511
1276
947
7384
8108
7926
1331
2397
3752
2182
5050
2041
3020
1304
4863
8636
1441
1958
4793
7451
6944
2366
7863
8659
4260
9619
7027
5851
9267
3915
7758
4176
2376
1783
2434
5211
8620
3154
9156
1955
7900
4136
4757
8715
9977
5946
880
6725
3788
3527
2107
8383
3391
6352
4749
5801
6896
3414
3322
7169
9245
225
4989
6886
4966
8779
4411
4718
2885
9573
8835
6657
5613
8615
5693
6598
468
9123
8204
3862
2837
7191
8409
1675
1556
9503
8443
1252
3666
5368
7971
9340
3643
2344
7374
3806
2221
1960
7108
6054
6991
1969
2466
7772
173
9395
9019
1739
9128
6538
3564
8507
6239
4748
8394
1845
319
4722
9815
4860
4730
4971
3929
890
5015
3775
3228
5356
5369
9240
8141
5652
1894
8447
3869
6776
9549
9005
4873
2140
7124
829
601
260
4539
698
9870
8215
2911
1914
5174
358
9729
5344
897
7937
5069
4408
3131
3273
4275
6735
2711
1700
49
146
1561
7711
6961
9880
3780
4020
8175
2467
7612
9808
5023
1473
3877
825
8213
9268
6249
2203
8483
9501
270
7079
1008
728
5554
6083
5328
4773
8272
1993
3624
2321
1027
2499
8121
9287
8282
8474
5699
5436
8758
8154
2702
9966
8279
4281
5546
1438
8347
6144
1677
1772
5677
3714
9337
1029
914
9904
1061
8054
2488
7154
8583
4787
6985
9625
5005
4373
6132
5951
4776
418
6050
6443
9931
3371
3828
8341
727
5583
5768
5422
6533
3129
4940
5397
7036
5162
8948
3629
75
3259
7874
4924
5865
9165
3044
6371
4540
887
819
1599
2440
8187
6638
3935
6661
3830
8906
5589
1795
2123
9773
2743
6023
1672
5081
4611
6848
5339
1358
338
4603
4418
9306
8042
5353
7651
5973
5020
3596
7693
1874
5760
4687
3733
5453
1445
1010
8590
5239
1501
110
3956
5192
5724
5476
7465
133
1823
8712
3675
2952
908
4960
4190
6511
8517
5527
1063
979
5762
8547
7770
941
7578
9881
3751
798
3593
3358
2602
4380
5112
6556
312
2734
6488
5968
4767
5705
3772
9279
5502
912
1113
7383
7313
6770
7389
6203
4070
9920
7697
6763
8508
5319
6079
3513
9770
9868
1562
916
494
5733
8680
9059
3177
6479
6297
9205
6447
3125
7145
6381
115
9830
858
3597
9667
1216
5985
972
2424
8356
5593
6395
1998
5493
170
9343
4843
9111
219
7376
5711
3035
8563
1811
4781
949
2571
7194
3841
7421
6363
6569
4029
331
2069
2468
7625
1054
5465
3015
2115
1992
606
665
212
1080
2594
1876
6513
4656
891
4681
5484
5696
7224
2310
4111
7257
2289
3254
5945
8757
9342
2808
8014
3639
4954
5993
5241
6817
4922
8582
8914
2669
2027
6774
554
6786
8357
3119
878
4916
4001
4882
214
5216
3206
6012
484
7817
3783
4113
2626
7107
7460
6938
6366
2052
5549
1460
5226
628
8432
8938
9024
3511
1033
6219
6442
610
5252
5121
917
7887
9681
7455
3508
3029
2016
6846
3159
7270
6852
7348
3909
2247
693
9513
8943
6486
8542
6559
8599
6408
4044
286
1357
2449
969
9719
7986
6384
4047
7396
7053
2904
8891
6781
8736
8399
8248
8064
8985
111
4048
4944
9680
1139
5014
9474
8442
9328
299
6602
5925
7319
3766
4836
7129
6856
8964
5075
2677
6491
8931
2333
8270
7568
8544
5152
3547
5725
758
7527
6035
9861
71
7114
7022
8307
1500
5536
2024
2682
2439
1032
1185
4637
3769
8725
715
2547
263
8872
7729
6860
2059
8140
9367
3656
9294
9951
4609
6586
2191
9686
9062
2628
7871
5092
2021
2242
3571
3798
841
3295
6811
6941
8128
6166
7921
6878
2286
7011
4566
9003
3203
8698
3313
6802
6041
6028
953
9202
5820
9935
3436
2966
3872
2255
3705
651
1055
4464
1717
2183
2143
2229
7939
2040
9937
3553
591
7106
4684
8132
6677
9428
6448
3836
4849
6788
724
2607
2469
2584
3079
7261
7945
176
1132
4778
2856
2664
5245
4975
807
2753
5917
5879
9046
9218
6713
7284
4651
9144
1915
2635
5635
5550
220
5396
5126
2722
2319
4598
400
9907
296
6847
122
1240
7881
1007
3856
5778
5850
5106
8724
121
6830
2283
1039
4246
4391
5418
1909
1954
8857
501
9292
3349
6058
2985
743
4548
2252
2166
7090
2262
1212
2
186
5312
7068
7506
4565
6647
4693
8211
5807
4346
4009
6334
272
2271
9072
7004
4857
9877
3341
3928
8902
7888
1044
9188
9516
9312
9749
8772
5706
2979
4155
7747
3850
1343
6829
2937
9124
7157
1215
8995
7300
6880
6348
2212
62
1839
1858
4752
9215
3410
4957
2893
3674
27
5739
3763
9004
2097
8820
1362
3213
1259
465
6266
8630
7730
209
3578
6007
7160
7192
922
5955
4753
4447
5769
8573
3694
7753
3747
441
8123
9375
4702
3447
1812
2627
4805
3517
4021
1977
8863
7205
3356
8876
1229
7674
7469
2356
5947
2362
3046
4191
7993
6248
9277
5053
1266
7356
7172
9058
4679
97
6643
7723
7052
3762
6031
3982
2934
4107
1889
3890
8873
3832
7268
5024
9322
4747
2056
2300
5632
682
703
4354
634
8262
4852
1893
1137
9266
7558
7380
1971
7282
8529
6905
8581
86
4012
2948
4344
939
7288
4424
618
8515
46
8263
4251
6341
3487
3210
6906
3126
964
8824
5444
1696
7452
9392
3346
6080
2747
9083
9478
1286
9771
2694
8694
2234
7254
7071
7472
2638
4060
9875
2004
2442
801
9575
6029
4400
8765
8593
8252
7073
780
9246
906
5662
7304
2649
603
2572
9669
11
3599
1094
4905
3099
677
1285
4908
8842
6146
742
9256
8103
7278
5198
4826
2842
9539
2379
8910
7961
6547
7545
5085
4866
4988
5911
1267
1595
911
6397
5259
9486
2804
1307
2620
7740
7662
4456
6377
1390
4672
5588
8233
816
5503
5434
6103
521
1726
9146
508
1819
8750
213
39
171
5104
5237
2943
5095
2731
2406
4835
8543
8650
7021
6678
9972
2243
6514
1616
3469
8205
7788
1759
7619
9409
7509
9803
9772
5141
9805
2703
1683
2520
8267
471
8440
8100
289
6280
1665
7044
1824
7390
6859
2342
4287
9753
5010
5273
708
6767
5265
9147
4558
6066
9164
4340
4949
982
8512
1351
8371
3916
5972
6639
861
2984
9922
3151
6153
2267
8300
2619
8110
2085
9939
7167
4709
5220
53
473
2132
8451
1327
8696
3071
6085
433
6468
3817
7423
5390
1902
6541
2562
6177
3843
4726
6230
346
4325
9750
1671
3807
5678
5500
4580
2544
3202
6662
3964
5263
9286
7581
3496
8426
4712
2410
7034
2371
408
2335
1792
1417
4256
2525
9284
2754
1337
5569
4827
8210
5170
1948
4
7525
2592
6850
6644
1254
660
6273
1540
5260
334
5291
5128
2539
6283
4850
3086
4010
7406
367
5872
7399
8058
5886
3809
7946
6379
1817
9986
8929
1051
1398
7631
6664
8225
9934
3530
9258
1049
7603
5325
3010
2773
8654
4708
608
5557
1766
8332
1141
34
1854
5234
1433
4512
5648
9632
3324
8377
7543
4476
378
5495
4918
4259
8169
5860
8171
8163
4538
5627
80
710
9438
2898
1159
950
1116
4913
7110
6536
4557
2964
427
5435
4575
3418
9517
6254
2925
7196
8826
419
2261
2165
3583
4036
2580
627
7771
5741
6452
888
1877
3827
9777
4360
295
409
1688
6076
6670
5173
9079
5086
8645
3906
8487
9239
7130
2762
5669
1181
1666
8976
3072
667
9520
7000
5802
1043
3326
7599
6121
3249
5282
644
8423
7084
3821
9487
9659
7212
3654
3735
7062
5012
3478
2749
6349
2976
4430
1621
8714
3217
3567
4766
7941
2907
6686
5227
7464
5618
9845
2001
6351
1406
4880
5717
3120
8978
6088
8815
1018
7355
9148
2583
175
2723
7504
7877
5542
8468
4627
1310
235
5209
1664
7258
3057
2276
9381
4367
1105
4904
8992
7586
5388
6805
216
1248
3989
8324
1653
8755
8250
6158
9099
9726
2995
6183
3985
5822
3722
1684
2188
9946
4405
2248
9856
3860
4542
6909
9226
9011
9984
1637
8157
6089
8767
305
8790
3444
7765
6061
5656
1121
7779
6653
4292
3732
2529
8459
6195
1178
9983
1801
8214
1617
8731
1014
5494
6091
6405
4203
2026
7915
2144
8936
9974
903
1949
7709
7125
9235
879
1012
108
2993
1548
8860
3199
8317
5829
3025
4587
6481
910
3185
348
5301
4303
1929
5034
7580
9467
999
1553
1192
10
5117
1640
7553
6045
2066
9396
3014
8996
3197
968
7878
7290
2757
3258
8699
8469
8484
7899
6727
103
5736
9466
3507
2185
9421
1968
5498
5645
4442
2337
8837
1165
4841
8118
8657
5823
3363
836
3396
3302
240
3352
6163
222
2171
7400
4104
9908
52
5671
3924
900
1048
9592
6632
303
5391
2091
854
2411
8196
4097
3873
943
6833
2294
497
6188
1702
2178
9069
9255
9233
1846
7293
7208
5384
7372
7892
1317
2045
2831
4550
847
7445
7448
3092
2530
6290
552
9987
6702
261
4937
3416
1518
1526
7605
1957
1000
8967
3471
2087
2422
3980
4895
648
2145
3320
9754
8805
5564
2197
6181
4789
1938
3594
6971
4775
9362
1492
4494
1873
2818
884
8346
2888
1517
7805
8884
6612
3503
1091
7902
5625
5810
2850
7331
8393
4600
9710
4536
1324
9822
6635
4288
459
4197
3693
3771
7481
7012
4183
1064
3156
6916
1806
3548
1410
9251
4652
9289
8368
5363
536
520
8556
3799
4081
2462
5143
5991
7511
6966
9484
3481
9959
8059
5636
4368
3664
9577
1701
4153
4662
9969
1578
5160
3161
8359
1785
8764
5659
7970
1760
9198
3248
837
918
5306
243
7226
2927
7854
9670
6719
6081
7412
3727
234
2359
8309
2839
1146
9874
9570
6016
2184
840
8053
5488
5340
7908
3303
3621
4517
7126
5093
680
137
6910
9696
1657
5901
189
5787
7668
2231
3559
3036
2737
7978
4458
8579
8455
7242
5156
3700
2279
2206
6630
9571
6118
2437
8647
361
3953
4782
1242
5290
5940
6287
2819
4736
659
8727
4837
7761
6747
2883
5287
2306
7660
364
495
4299
3205
4223
7246
7801
8088
4851
457
4490
1866
7291
7478
6340
3605
7081
6315
3917
7367
9802
6695
7905
9941
9305
1582
182
3764
5338
9150
8235
1901
7055
6113
9026
8528
5351
2473
8326
4553
1633
6270
6281
3602
7698
5616
8616
7541
7561
5116
2515
9424
9651
5574
6535
2812
2215
6707
3184
9576
8522
314
1070
958
3975
9498
3345
7667
8314
8867
227
7336
9495
4641
9384
3076
255
1314
2388
2683
9361
576
8601
165
3102
6286
5995
1459
371
2083
8850
6984
8104
7548
4886
8086
8115
8414
9100
6102
3837
7342
5342
7247
8888
1468
8916
4831
1247
197
4150
1825
2670
6298
4164
5490
1805
4508
9350
2913
101
8127
2290
5449
4103
5066
7149
7574
3067
5732
8935
4372
2588
5168
507
9639
5138
3409
9936
4731
6908
7159
1789
9363
2233
4061
2970
4647
6865
323
7271
2487
9307
6577
7647
5223
919
6574
2079
1770
1674
4737
4339
9925
3422
8918
7614
9831
6373
2129
4019
3719
2284
904
1709
7483
1645
5404
8093
7696
1188
9336
3551
7675
1605
5832
3861
6135
4177
4253
3190
7868
195
4521
1236
730
9518
3348
3858
5980
2325
3374
4593
7010
492
757
6952
5938
7032
793
9479
6968
4523
7426
4058
7775
1521
5332
6242
6854
9014
5446
697
1047
7950
9624
4406
3218
6955
2159
5551
649
3871
8
3280
1491
7816
1568
6614
2382
7089
8875
4732
5371
5346
4386
7725
3224
102
3282
7135
8924
4514
4671
5135
3426
9595
5441
6467
6369
5137
9414
2425
5087
4335
8350
5880
5299
3383
8435
472
9711
609
2230
9296
2863
2346
3084
4250
8718
1615
9303
2688
3463
4825
1155
8116
4802
8578
7466
8993
8830
8206
6392
3981
7072
7718
1126
8138
506
4719
7133
2687
3529
6015
2876
9493
1878
4522
1106
8144
4982
9924
4065
1026
5308
1527
6237
3792
8554
3283
7873
302
6051
6975
1822
7930
9694
1537
1970
9137
3107
9098
6557
7954
1963
4127
3622
5731
1401
9506
3065
1718
6345
3502
1130
4694
9855
8143
1531
4377
9372
2326
547
8930
3350
8486
8479
3695
8640
5468
9166
9593
2076
3022
6932
1588
4783
4519
4758
6760
9717
511
5800
9154
6872
4869
3048
8251
8644
4586
3314
5266
8485
4599
2055
7749
5953
60
7987
5888
327
2395
2801
666
257
5233
3797
4207
9767
8402
9273
9017
9702
6053
3683
9040
8342
6355
362
6739
1269
8958
3443
5975
6716
6145
614
9499
5689
9094
3141
2201
2081
4336
3628
5673
3668
8331
514
7456
2916
3939
3268
3360
2792
6484
5278
6742
94
7061
7554
7185
739
2196
14
7766
1213
1425
5603
3475
5896
2905
5251
9512
3992
5099
8796
8333
535
3708
7162
9661
1559
3264
4412
1387
1820
7082
8151
5139
546
230
8797
9217
3361
2491
5528
7596
2454
3335
6712
6192
6834
2775
287
707
8577
9117
6743
9130
2213
7197
3056
9746
2034
4899
8607
5258
9200
8693
4864
7752
4588
1300
3167
3994
6167
9685
5666
9047
763
5244
3669
2879
5271
7710
4249
5
8097
8476
9840
2656
2978
7856
8397
6401
7381
325
2867
8759
4157
28
3808
5407
767
7571
7318
5584
168
6773
6292
5650
7965
9569
5473
4175
2809
579
3649
9952
3007
845
5358
7555
6642
6772
7501
7401
6423
6347
9788
1414
50
9043
4902
1984
6843
7405
5491
1906
8354
9790
2931
228
2779
6245
8953
5448
3579
4893
9994
6705
6033
5988
369
1786
6588
3667
8037
1471
3441
7345
3053
5513
995
7076
7370
1506
9857
1504
1544
1227
1632
1883
3504
2275
7623
9909
1098
9990
3595
73
6331
18
9789
421
2534
6155
4015
6460
7369
7238
7995
2717
1455
5568
7910
8917
2922
1486
8431
8200
6904
9423
2968
8239
7416
7476
6794
9566
8258
2858
3460
5808
76
8519
7249
2920
6762
300
2354
9581
9540
1313
3445
3713
1496
6828
7973
352
2685
6530
1289
4688
3272
5916
8896
802
7850
2264
9053
6125
1338
8495
2223
6616
406
324
5345
6913
442
9671
9819
1364
231
7115
9998
2870
6311
1705
8463
5094
1529
5134
4222
2959
7657
6808
2878
4955
4438
9359
7508
4840
2715
1946
4871
1128
9928
5798
6823
8955
4008
4917
3580
1923
8823
5722
4717
9551
4216
5721
2577
267
1234
8548
1944
9157
9676
1452
485
9568
5182
1168
8493
3978
6624
1238
9114
1634
3931
280
7095
619
2789
9339
6262
6506
19
632
6450
2565
8264
4953
3230
5253
1270
5617
1753
8982
3292
8841
2759
8310
8304
6271
4920
6313
5489
4255
5837
5242
8283
6897
8275
7513
8730
7714
7813
487
3150
3393
6398
393
1652
7797
22
6388
5360
1731
4997
8536
889
6508
8376
7026
1516
7326
3070
179
4199
6140
7104
2282
4347
2296
940
158
5311
4473
1046
4973
2380
2708
2829
7515
8844
8325
1485
3709
7255
5219
3147
1361
7272
9259
2494
1088
9725
7450
6214
1481
4877
1835
6995
8814
4503
6353
5108
1400
2693
2895
7269
2710
1020
5763
1472
8623
6921
7320
6500
5782
8987
55
600
1572
1396
4050
3449
3318
4193
7414
8521
5068
1360
5708
6728
7120
9765
7030
3108
7769
1514
9057
7152
8294
4839
8831
588
9791
2657
5792
9369
6610
4845
5205
6926
7654
7746
2630
6052
2192
9887
4777
2426
2780
3077
7179
556
3677
8329
1641
9360
2443
4898
5036
7475
6988
1871
6387
8763
695
8751
9623
6737
7964
2370
7217
1670
4513
8785
4166
3696
7774
2820
7165
8562
3155
2448
1353
5497
5614
9728
5897
6930
4590
4700
4803
2389
3262
3885
2800
849
5038
9181
1011
6824
8400
123
5180
3030
1932
9260
6780
5059
4446
655
650
9382
69
1692
2278
929
770
5047
6561
8305
9459
5867
5504
923
422
6060
382
1429
9609
8168
671
523
1750
3347
6244
753
2025
9723
8780
7477
7680
2239
9846
7573
1983
5853
9930
9847
5922
9063
4804
9607
5022
2162
8934
8178
510
529
3887
4856
5485
9334
8892
718
669
6750
8907
7760
8505
1989
2317
3427
6190
8821
7975
5956
226
1274
1848
1655
4143
2361
2218
7502
1316
8523
8174
8395
4460
5812
8320
9262
454
8338
2094
444
6566
661
5986
2851
6877
7201
9644
6704
4141
9961
3519
9408
2047
2216
6626
5428
2786
7563
1868
3501
9219
2601
870
1407
9602
9633
930
2787
353
7831
783
8588
3784
4338
4770
7454
6161
2760
1773
150
8576
7468
848
6278
8219
1450
4618
3005
5611
437
4579
8504
5440
8024
8818
3820
6150
6383
423
8887
1611
7131
4986
7417
4721
1573
4492
3849
1841
3309
278
7310
3750
7059
4154
5683
7763
8550
5976
6591
9532
2327
5571
6445
3839
5539
9627
2761
1669
3073
7064
3209
8312
931
747
5590
6729
791
4947
8439
9088
3546
6700
9373
5261
6455
6174
2241
5317
233
3927
9029
7935
1277
945
8692
5842
6748
2662
9641
127
8372
7140
3801
8673
575
9979
3575
8063
4750
3651
9295
4011
3173
3484
6380
3466
8549
3137
5622
7803
5575
2615
7886
7920
3212
539
5610
9991
1861
3746
2623
2139
9550
9416
9333
2726
488
9523
7898
1124
5451
3305
5540
7579
3991
3252
4560
8774
3121
2392
5189
2259
383
5803
8155
1844
1751
1294
786
2833
582
9027
54
7804
1166
8624
6330
9085
1118
9957
5028
4374
1940
8558
8706
8074
1620
9683
4881
4533
9838
9943
1107
4594
7597
4174
9060
5562
1174
5572
9210
1862
426
6115
6940
7919
2180
2671
1323
3528
6815
1888
391
631
528
2519
5835
2343
9170
6205
2332
6711
1182
2483
8159
1644
2886
1412
7234
8669
9638
8555
7531
993
8005
4838
1235
2046
6382
9231
9616
6402
1084
8702
5526
3754
3480
9775
7778
2509
8626
6936
6759
4496
6970
7449
3148
9492
6428
5756
4633
9672
8249
1299
5297
3130
2678
5013
4650
61
9892
7158
9816
1928
3317
117
3937
8441
637
3954
4821
8570
1884
4596
1927
8710
7474
9740
4729
5524
1035
2477
5654
404
5809
4929
1193
5302
5056
2269
7912
8139
1375
8591
188
2825
3452
1419
4515
5322
6362
1381
498
5098
5248
5423
946
9525
2841
8444
2190
794
7656
7485
7690
1985
6900
3534
1440
7328
3039
8527
2147
5507
8034
8535
5210
8446
4267
9542
7715
2705
7617
6064
3195
3604
2582
4423
8791
48
8375
882
6892
3024
3853
4854
4137
8825
8634
8787
332
5329
7035
5310
2832
5456
9825
4146
5997
1031
4660
9826
1019
4040
6937
3128
2065
9435
8740
3367
9201
7139
4462
9325
2472
1523
5343
3701
5723
6809
6274
4035
3321
1745
3616
58
8428
7862
5167
7142
92
984
8632
9291
5637
9482
4764
6783
7927
8502
598
4289
3063
9186
8220
6523
3740
3748
9594
2369
6540
9561
5410
6934
685
653
5753
5548
3889
6953
2149
8571
788
1372
2002
6901
1321
4263
7845
236
1217
6555
3796
8794
1850
4138
3257
4116
7576
9610
6775
629
3462
1656
6350
883
1112
2124
924
9311
5349
5844
9793
6259
7826
5679
2130
5789
2322
9654
1201
8911
4022
2736
7493
2173
553
8941
8006
5487
3663
6444
8983
9093
4980
9068
1075
4570
7029
1261
63
3535
2084
6855
447
5165
8739
4788
814
109
5283
5587
9429
215
4000
3311
613
9489
4696
7447
3158
139
6049
4242
3767
5983
2817
5395
516
6868
7684
6310
6005
7008
2032
3707
5977
4888
3312
975
7712
6714
4710
7869
5935
8259
4935
5900
7003
4833
8742
4943
4529
7658
7295
9034
5201
6694
8499
8180
934
4167
564
9704
6813
6564
7705
675
6165
8913
132
5072
4504
5529
1009
1869
3692
5486
7431
6976
7408
8972
623
2214
1086
8287
1699
1678
9567
2994
1628
3307
8306
4810
2364
2193
2441
8389
6204
8292
1373
2707
4613
8501
6426
756
2517
4345
8244
1053
7942
3404
8458
5638
8753
7031
6105
4353
3373
2136
5472
3687
9254
577
29
5508
9787
7724
7837
6825
2771
8002
5471
159
5525
843
7564
4956
6864
1659
7587
672
6404
8709
1545
7235
2417
9437
4720
2704
9731
3554
1981
9757
351
1886
2864
1972
2617
9385
1576
6606
3017
8600
2416
9660
9180
6032
6871
4610
6969
9472
1630
7279
2951
3574
6631
714
761
7618
8079
2508
5321
9911
9678
9001
732
1090
6477
7200
8164
4243
6951
5218
3123
6098
8648
6182
7219
2421
4273
4934
4614
7305
7677
8315
6914
6184
5633
2072
431
6303
249
3229
4332
604
9271
3486
5054
6224
4915
8889
3223
8716
7800
2297
8839
1539
26
6453
3914
1250
7006
5682
3023
1453
4901
7988
2674
796
4876
6753
105
7994
2527
8846
5690
3835
1988
389
7251
9950
2155
2507
2498
4985
2855
6263
2405
3285
9897
6180
6084
4091
2537
1724
4063
3776
6228
4616
4018
7796
1067
1756
6316
2108
2363
1255
6293
3505
6721
2570
6816
6660
6697
4033
532
6543
5877
7852
9190
2003
7209
318
2881
5796
4894
5752
8135
6129
1959
7889
1574
1076
3857
4481
3454
6537
1830
3818
8379
1233
120
2633
1698
4331
7512
5558
5250
138
4198
6458
3729
5836
1769
2721
2272
5367
1626
6504
7963
2908
7080
3653
3536
6222
1470
6469
3144
2532
9419
6451
9745
6573
9353
3938
7492
3160
1646
3412
1853
1607
3399
1581
3652
5579
7925
9666
5653
6191
9407
4302
9873
9310
4311
2996
7171
392
9302
8752
2236
187
1189
1177
563
9579
8044
1843
1243
6148
2604
98
3521
1761
7551
2514
1558
3281
4751
621
864
716
2461
5949
6101
3770
5581
3275
5963
7453
7388
5561
5341
592
6067
2576
2049
3572
6422
8926
7498
8684
7627
3703
2936
4467
7394
4964
326
1933
5051
3468
2496
4429
5231
7641
3540
3620
8030
3407
6684
8369
4910
8217
4290
7351
9724
5998
7848
1623
9893
2403
4330
531
8422
2228
1746
5177
7181
8323
2010
5930
2457
5735
1154
7891
2830
2051
7047
9042
193
9153
1691
3635
4165
3495
921
3242
4005
505
3287
3267
1899
8695
5281
2676
1282
8147
7736
5217
769
84
6899
8055
4192
6956
9751
4984
6439
7088
9376
2211
2847
3990
1302
1752
764
6139
9586
937
9076
633
1961
3570
3078
7014
7624
3646
971
8890
5580
9981
4194
1747
4959
9709
2603
1475
6785
7991
723
7976
4654
5996
5025
481
6413
550
2510
4931
7033
7123
7903
5293
1794
1499
9705
6918
5541
9835
3812
3294
5799
4341
3094
3385
8951
3852
7306
1856
1125
2977
4563
2412
72
9617
1150
1550
162
966
56
7128
4847
2958
4742
2028
9618
7859
5294
45
8082
8289
8660
3965
2807
1947
5939
4472
9241
2474
4234
4887
3665
1797
6446
4607
7827
2889
1904
3734
5191
4306
3183
32
7809
8268
2285
376
3728
4362
68
9211
3786
460
4903
5685
6147
2718
620
6672
9572
7904
1565
1679
5437
6038
2351
5420
6418
1224
6323
3773
4343
4453
7957
3096
2413
5747
5130
4133
1737
8595
8142
3489
8533
4066
4415
2490
9511
9583
2134
6563
834
6056
3269
8028
1543
2923
2714
2788
7148
5289
273
9535
336
4725
952
8861
8809
7037
4909
7663
446
4648
4333
3055
1268
8133
2170
3329
2464
2540
7479
3089
2798
9926
1774
7253
8322
5641
8688
1160
5194
1836
4759
1077
6269
530
1547
2516
9471
684
375
2634
1860
6795
7585
4889
711
2164
7593
1997
813
3061
9533
5565
1123
6888
7537
5039
4358
9637
1519
3941
7002
9732
926
8186
5385
9444
390
8461
4404
2949
1790
1004
288
7086
3644
6419
5193
765
2227
4409
9315
5599
5846
1384
2987
5185
7875
126
4653
8232
2074
3490
238
2824
3522
9107
2725
8020
6308
3104
5120
3332
274
7202
8690
8193
9706
8703
6476
5235
8998
9995
7782
1975
7518
5771
4128
7556
4388
7189
1447
7204
2295
5726
673
5479
6412
5433
2030
7632
9999
3619
479
1264
116
1658
9860
1549
6036
4378
7233
9208
5370
6822
3232
5869
7855
8051
522
9031
4874
8597
4300
1260
2329
4807
6494
6999
17
3726
4076
1232
1367
6485
6861
3389
7382
8010
6493
3670
4006
1660
3439
5136
6525
7323
4159
3589
3328
2933
1834
3467
8207
1345
2542
3340
1058
7161
1093
7866
8928
6946
5596
2874
9036
3040
8281
2732
4932
5755
6806
7075
4043
3270
3386
7263
2398
8735
1315
9122
8603
3955
3926
7480
4089
1654
9136
4007
8806
2665
4313
2479
595
394
3381
7368
6356
1196
9212
8865
6415
5352
8019
3109
4305
4014
2372
2208
7463
8137
3963
7424
6019
1686
9462
3531
7302
4028
4384
1577
691
8472
2859
4642
4897
9590
3359
9368
9327
6784
1179
5178
8434
4691
8617
1490
3037
9313
2521
330
1301
7589
8882
2997
740
4813
7672
8497
9940
6086
1682
7738
1230
6862
6821
6625
2608
4355
6265
311
1437
9601
4051
1552
9611
7956
8390
3333
8017
3012
100
9643
8382
2367
4858
9418
4829
7491
2375
438
7931
7091
9021
3059
3518
6679
8618
4413
8291
6933
7361
3166
8089
4675
4080
8066
1111
4316
6385
9960
4811
3973
2502
8503
9693
9054
7495
7762
1919
8490
2431
9194
9401
9143
7547
7602
8243
6837
2553
3178
320
1157
4410
8429
5062
8370
3474
1461
1195
5046
3893
4131
9250
5017
7009
3582
8639
7829
9206
7757
74
734
1034
9828
8691
5083
8859
795
9453
6534
1976
6681
6217
1591
1804
4142
8236
5324
6503
6637
5430
6325
2324
8701
7767
4555
5199
2205
9041
2857
6666
4148
5719
85
1206
9162
4530
350
4695
5411
4567
9812
4907
5402
1767
3043
4795
174
9225
7078
9843
5906
5169
8564
119
1356
974
4309
3573
7918
2394
1423
6461
9636
6417
3457
4254
8170
6659
1298
8366
7648
4432
6473
9578
5714
4914
8269
9387
3744
7849
5221
3969
7343
91
5619
3816
8454
208
6641
5999
662
7538
6037
8664
9896
9558
9795
6915
4661
4042
237
9792
5944
1566
892
2852
9720
3974
5035
8773
8895
90
2478
2210
6692
7054
9049
135
8986
355
8754
5037
7897
9500
9529
8707
8635
5914
2579
4488
4625
7846
9074
7265
5074
7776
9071
2225
3957
9781
4544
8969
2137
5604
6718
8538
196
8723
8351
357
670
9134
5268
9038
1479
9332
1618
4280
3866
7309
1768
7689
2821
3140
6364
6339
1465
9807
9261
5509
8102
2941
4768
6629
2131
4822
4479
9116
5751
9548
4385
9541
7134
8845
2559
5861
3498
8003
4463
3068
2035
1673
5903
8430
2390
7701
8057
3054
6275
7429
7096
3905
7744
5786
3006
6078
9538
5450
9640
205
850
3395
6798
3310
8799
8848
4371
1326
3641
9127
5887
1555
5270
194
4655
3537
7704
3715
1849
7267
513
2450
211
5720
7102
9784
3493
7366
7397
9755
5060
7176
7967
5746
1728
9183
2075
9963
5277
4342
385
1420
9348
1779
9131
6683
6907
1826
8800
2799
9688
2618
6826
9901
6170
1303
3387
5715
8877
40
688
5950
8228
4740
8373
2815
7409
1416
9648
4677
6124
4723
853
1601
4591
7092
6258
5674
5744
9204
5664
3921
4115
4017
1916
674
1807
5033
9345
3736
2929
772
2444
4030
3244
538
79
6548
475
112
7622
2935
3577
7534
778
5359
9748
2160
8355
585
9584
4129
1464
3325
1109
239
1413
8827
9324
1
224
4178
3844
3208
147
8417
7819
2896
2447
9448
6264
8218
6300
2862
4872
5952
3988
8520
9366
8460
3803
6294
7989
7673
3970
5694
512
1520
1428
5855
4450
37
7844
6324
291
5144
4714
7195
875
5553
7595
8425
410
7947
988
3448
9007
9346
9589
7798
2612
5408
5007
2202
8494
2000
5365
4239
5934
2727
6393
4525
2012
3556
3476
5639
373
3215
8241
2681
7153
7584
6928
9400
5214
368
4231
6141
1557
5380
2328
5848
3626
2555
2078
7494
9762
635
3214
6894
9297
4991
2658
3875
35
3691
7572
7741
6600
3351
3933
5918
9600
6478
9544
5774
8747
5041
3479
8610
855
8885
548
4746
5824
6252
9786
2750
2877
1436
8713
3196
3636
4524
6562
8029
4088
9763
8613
1147
9309
3815
2756
9070
4911
7600
321
9426
574
156
8811
5687
726
8687
4475
5845
9177
4799
493
6550
987
8408
8298
1881
1525
6584
2774
8541
7550
191
2650
9091
9547
9898
5272
541
9191
9443
269
7691
3413
398
9341
737
537
3922
6208
8651
268
6835
5249
8181
4132
4518
3864
6337
6400
5164
3962
7299
8077
2022
8173
3512
6731
9272
5331
3434
3027
4574
7178
8301
3661
7216
1127
4612
3613
3477
4261
5048
7703
4206
4351
4824
9483
7609
1071
3785
8481
3058
8475
6006
5318
9023
6696
6601
3401
6993
3222
2796
7317
8678
8308
7636
8552
4265
7386
6531
6779
3250
2347
1153
7951
9526
4670
8224
967
9647
6017
9097
200
9033
4682
3111
6757
6282
8901
9404
1622
1478
2713
6526
9956
1348
4500
2764
3175
5511
8212
4569
2054
8858
3031
7056
1925
5856
5663
6223
8162
5891
3523
2043
9184
1681
8012
8974
3370
467
6082
9430
5597
935
4646
7330
8801
3103
5585
6399
9829
4801
4859
5512
9642
7407
16
342
4630
8580
1402
3588
5421
4632
4117
9120
2751
2827
2299
4315
4527
9872
1140
5337
5962
4202
477
4291
5738
9899
3845
9955
9364
7743
9833
9102
4505
356
1994
8981
6312
7565
8273
3566
6997
3247
3204
9776
3097
2481
9
4037
9759
5063
3601
1833
335
232
8553
8349
1796
881
6210
2120
8653
8311
1142
5224
9281
8384
9531
3541
9967
5254
1257
9301
9798
7917
470
1980
70
3377
8961
4394
1793
4319
1512
2057
8802
1164
973
2298
7985
3117
9923
9051
3168
9445
4981
401
9945
3018
6424
9564
9118
5506
7193
7316
803
4912
948
2093
8353
6841
1469
1272
3520
141
3105
8415
7403
9858
8254
6609
1710
8004
6615
9056
3672
4124
9300
3829
7858
4605
9230
7687
2482
4229
1631
8879
6810
928
7050
8575
1223
7434
5904
5759
1251
5516
4282
3226
4312
136
8339
7489
474
6576
4735
9456
7960
9270
6592
1336
1439
885
1857
4640
6818
2955
4676
7520
4238
7756
5681
2647
9813
1036
9976
1978
5577
2471
3192
1134
9527
8184
4258
4329
1052
8939
3910
2008
1741
4266
7151
2102
6043
2374
1430
3730
5459
9836
828
9839
9741
7665
246
2415
3509
9298
3319
2154
113
3286
2947
9598
9556
2307
7057
281
7716
1205
1161
9012
3145
3724
4668
7676
6827
4162
1782
7815
384
996
6487
5862
5269
4094
6284
2609
2151
960
3271
2146
5710
1721
1922
8286
5058
5045
5355
1344
2513
6178
9962
1847
3936
245
1585
9612
89
7958
5933
7150
5505
9769
2489
96
2589
5624
8973
2552
4486
9626
3186
8113
3380
4615
6425
328
7023
6618
5131
5336
7436
2629
6800
755
1376
4422
5276
7327
7792
2546
405
6122
1385
5634
2975
4466
1896
1435
4228
8786
700
5779
47
3590
6003
8893
7650
7611
1392
1596
4942
4158
4711
2301
5858
551
4293
9441
9948
6979
5920
7735
4689
9768
6650
9113
2950
3884
4443
1096
2312
24
3960
3787
1355
3757
607
4026
5470
1829
2939
8177
6008
7170
439
4455
3524
8418
3902
4483
8628
9356
3008
6070
3301
2783
4444
5125
3702
8756
2280
3716
1214
4892
2595
1332
4968
9132
1832
5016
9628
5703
4993
8589
1667
4608
7404
1258
1135
573
5280
5672
2942
3506
201
1966
3093
5649
3382
8491
7413
4526
7883
3261
1180
5362
8007
6492
3645
1680
915
6580
9646
8111
7794
9080
9248
1912
2901
5213
9800
9349
7143
3952
3002
9278
1733
1917
4619
2724
9010
9853
3976
1432
5591
2957
6213
6958
7685
8900
5602
3379
5127
612
6804
6987
817
7298
5469
3823
1382
4728
4120
615
6233
7015
5011
2909
1456
9764
3429
782
5700
4187
2600
4125
5478
6948
9679
8602
4244
7644
1102
4279
7065
3847
7286
4830
277
1421
3920
4774
480
9101
6791
6175
7539
7540
5049
6978
7787
5660
664
7721
4241
8744
5894
5783
6708
1378
7484
8025
789
3198
2408
1859
5576
9714
9126
7847
6761
4595
6717
1864
9734
9574
502
7311
4213
9304
1347
4079
9185
3919
1395
1808
4209
1735
2668
1999
6358
397
4002
712
7552
1386
7812
4489
8087
6489
1511
956
8026
9844
7953
4794
3813
1037
9674
1457
258
9913
1590
7943
1494
5373
768
9457
7980
5740
8760
4090
8514
6168
7359
1306
9025
9412
9155
8327
1397
7144
584
9209
9269
862
519
9223
1987
7240
760
7252
5350
294
5057
7635
1187
3095
784
3986
2090
1030
2485
9832
5840
8638
8478
8605
2868
4697
5692
8201
3951
4452
5884
9465
6000
8899
638
4038
820
6529
4365
8198
1903
5833
8405
1937
2169
5236
95
1211
6127
3562
846
8046
2646
2101
6314
4797
5142
3004
7127
2813
1852
5533
5055
177
7428
5712
9580
5806
1454
3001
4626
8348
125
5758
1488
2538
2758
1287
3200
5313
8457
7896
869
5132
1882
9135
826
4470
7164
7276
1050
5200
2438
4998
790
2391
1708
3900
8191
3979
4023
2404
4135
8424
5230
9953
6463
9035
8330
3375
1497
2251
5885
4812
1713
2890
154
9242
7861
7890
3760
7750
8866
5285
3826
4130
2954
229
1383
1369
9084
4407
3243
1926
1575
6645
8009
8031
630
5110
5764
9133
2007
7536
6171
9141
6597
8073
8253
1013
124
2245
5910
5124
2998
1366
6307
8420
5658
3088
6374
9649
3098
5366
6819
2914
559
8092
9677
1693
4271
1950
775
3278
9739
9562
3028
6925
580
6673
8033
6528
2561
145
640
9850
6301
6128
9668
3398
6044
1719
4690
3745
5111
8908
4765
527
5314
4004
7860
9760
6100
5830
8052
8988
2339
449
5499
2768
5438
2554
41
4073
451
9664
6769
7227
1082
9236
424
3402
5776
3947
6475
701
7652
6782
8285
9615
1803
4350
6235
1564
8061
5750
5646
4161
9018
7486
3016
5582
2992
275
5828
4516
895
4283
8946
2541
5406
7818
9890
3591
2198
3132
148
3883
518
3514
6732
6157
1462
66
3172
6069
1074
4552
7467
6253
748
9468
6720
5153
7722
8065
6949
247
744
6964
7839
9159
4698
2432
7329
5133
9604
7136
3539
2067
8335
771
8807
8450
722
4269
4286
7754
9721
8039
264
7410
2064
4264
8299
7490
5501
2419
8146
8598
6396
9263
7262
4678
207
6160
7392
8822
4927
1467
8539
2912
994
9308
3189
3171
3868
4349
8242
951
2270
9050
4469
642
5267
2840
4087
5232
8337
4498
9203
7173
9425
6648
3289
6994
797
2288
9347
1831
8130
8238
9314
5030
6221
7559
9796
8445
3648
9193
9842
5852
1991
8114
7198
2701
5701
5665
7038
7016
2114
1798
6710
2020
8038
9718
4100
4532
2258
1219
9810
5642
6391
7923
7521
8560
2558
8274
5912
8666
486
185
6152
2616
2353
4878
4791
3968
3424
5702
2716
5032
2257
6238
6736
687
1368
3236
6568
8411
2458
7719
8551
9168
8810
7116
7742
8868
8792
8947
9799
5399
2728
1295
7183
4308
8492
4182
3064
6226
2746
9743
8117
4669
7184
7789
3323
1042
6361
6726
3720
4868
720
7793
8937
1426
3260
6410
907
9606
7441
735
4105
534
8197
7103
3711
6665
329
8358
5864
3342
5304
8984
1183
4974
2423
4366
2314
6090
3051
1742
366
5704
7566
7471
3608
7909
2175
5927
8851
4987
7764
3576
7395
8240
6869
1720
9915
7459
2357
4921
2640
3881
8592
9700
7732
9073
2148
4502
7626
8629
7557
5089
6449
4056
8345
1891
7835
7025
149
4144
5398
8849
2651
6376
6891
9274
3394
1133
3101
3704
6583
1041
704
5186
5002
8668
1935
3623
9837
1363
9152
7315
7606
4545
7713
2986
2663
7085
4230
3191
317
5466
8321
6172
8777
7795
6133
6646
1370
6407
2533
4215
6472
6572
3607
2991
5913
4013
8862
1668
4622
8977
1625
1542
3446
9028
8704
1218
5926
6432
7936
4219
5874
496
5295
7842
1953
3907
9142
7324
1931
1638
856
7692
2121
3912
4016
4965
6456
8643
5240
83
5149
9867
2666
9895
6620
8453
6131
5377
1199
4482
2050
6490
7432
347
3187
3083
8085
9906
4649
5556
3069
3365
6030
7427
6674
183
5729
5943
5157
6688
9522
217
7138
6212
990
5670
896
2926
8036
9494
7243
2637
9599
4501
8462
8847
2033
6138
752
7352
1405
7499
9508
6883
8385
4820
5275
6923
2917
428
3891
6766
417
5206
8023
2550
2706
4151
4427
8189
5394
12
2305
8956
6075
3930
6853
2292
2720
3009
2189
2161
2891
9675
9464
1493
6021
5040
8277
2777
8436
3723
3403
8352
5103
4078
4441
2006
808
8561
9737
2892
7959
8897
9918
2938
9900
7237
6509
1100
839
407
2073
5100
4484
8319
3180
9285
3163
5320
6063
5129
1339
3049
9229
8145
6040
5535
1722
2835
8387
3220
1149
8990
2256
5452
8482
832
9045
3372
2104
5425
6709
2125
3499
6986
9110
4039
809
2598
5857
290
6010
6604
5382
9163
4435
9938
963
7360
259
2990
7639
6912
7526
544
3685
3045
7222
164
9002
1403
4631
4031
2316
9932
5728
8247
3918
4134
2866
9377
2089
2452
7505
3182
3364
6196
6765
5772
1934
8604
5626
420
992
1629
3550
5923
3411
6014
2224
6792
2597
1138
7264
6778
9613
1404
6068
5225
6764
5426
1110
1784
3876
6789
5523
1685
4072
6441
2730
8642
1237
8762
3216
9921
7646
2697
6004
678
3308
1551
107
9902
6497
8622
8364
9318
399
8185
8407
4635
483
6243
4568
8697
5004
9378
5326
339
7828
5416
4925
1687
7620
8997
9971
142
2265
5790
6687
2505
8568
7473
4320
927
6169
8789
2752
9756
8401
9804
9199
6724
7017
2038
657
6605
5819
9697
7529
6698
6633
2810
6983
2005
5919
759
1114
7364
7728
9370
1151
1016
1771
3091
7250
2385
9422
2456
9380
3133
5079
4252
7398
5122
8574
2341
7594
2429
8295
1910
3560
6613
2465
4205
2168
3822
9559
1788
1025
3331
7058
2691
6430
1690
6104
5246
7784
2340
7998
1244
2428
8261
3050
641
2845
4583
5474
6990
3299
2523
3587
705
645
3706
6889
9293
3911
8788
3753
5775
5179
3408
4477
7682
9690
2158
7645
1908
9338
1703
7353
7588
1907
8526
5675
998
5937
7604
5203
7175
8633
3134
2903
1567
3814
9090
5333
7100
3263
9244
8001
7332
1241
3266
8836
6738
4890
6595
1129
9614
7928
1730
6097
569
1122
4433
7206
6220
787
6797
6199
3888
5375
1648
6025
7020
2484
1312
5544
1579
7188
128
8959
1320
3339
6322
6703
9730
4763
9374
4276
578
8531
2873
2420
3781
4862
2785
2063
2945
1510
9232
5931
731
7187
2965
4657
9715
6117
3558
9397
7156
2501
5827
5334
3062
363
8994
2311
5183
6967
2396
0
3430
51
9389
2599
1813
4659
7781
4727
6740
4601
1319
1851
4638
5445
9596
562
4085
435
851
5892
3958
1273
6114
7655
3690
8188
2872
9335
6465
7045
6636
9716
5088
1865
5463
1515
3581
301
3225
9221
5961
6302
8018
4390
1325
7688
1867
8297
7174
7371
6343
166
9621
8013
8898
7470
9841
7211
3617
1057
766
9330
5765
2119
1056
2235
4451
7966
9958
271
4855
8510
504
6059
3392
6801
3369
4397
7391
2018
6992
594
8720
9630
9658
4459
1190
4834
1642
8662
3610
7955
5743
6981
9402
1038
5749
3793
852
2187
833
3987
4361
3115
2323
4621
3082
2869
4572
3650
5464
8834
2653
4461
7825
4602
5460
4034
7083
9978
9175
4962
5517
4790
21
3135
8525
297
6002
8109
5323
1081
7141
8637
3662
681
6409
7686
6922
6321
542
2962
3169
2226
6589
5754
8832
9783
8874
936
2586
2844
6072
1569
5757
8222
7385
8970
4906
1962
3237
7402
5545
241
6034
4445
7708
6216
9357
799
4879
9433
1399
8404
3778
262
4534
4495
3482
160
206
7418
7213
9473
2015
8596
7598
1474
1930
690
8658
9139
5866
1220
3586
3682
4173
9797
2940
9129
6723
9622
3176
8672
4356
2610
6539
6046
2606
4686
7814
2924
4848
2492
5948
5415
8585
545
8313
5477
5140
3940
3681
9691
2769
9192
5742
2401
1498
1062
3492
1330
464
6162
8945
3255
9852
7458
2105
7350
2654
7914
3943
8685
3995
5668
3330
9065
5154
9388
6209
7695
8071
7582
244
9037
3327
3060
3543
7132
5151
6603
567
3945
6552
6499
5734
3538
5942
5348
5043
7236
5530
9663
1068
9087
8665
4823
9440
4171
9227
4068
349
8855
3316
8979
6466
8734
6651
1079
5492
7500
6544
8540
9942
7163
8965
5077
4785
1005
543
1604
3304
2077
2643
5538
9546
3526
1533
4923
4217
5102
9006
4163
4754
683
4318
3423
3087
4071
5661
1374
6074
1377
5467
8852
8719
6917
9910
5849
9030
7488
4426
5482
5292
8909
7099
8234
9112
3542
4713
4212
7974
6680
9451
2291
5605
3240
9442
1502
4951
7517
3633
2253
5777
6756
6365
777
3343
686
2766
7999
379
7024
9439
7245
7028
3804
5361
2313
857
5166
1085
5785
6945
781
9785
9993
2712
5042
7207
6733
461
5718
6077
8532
7256
6607
3034
5657
3840
4643
9811
611
1762
5698
5680
3440
5064
1448
3800
4938
4559
3903
6022
8612
1729
284
248
1246
4096
8464
7982
2152
4963
6585
6109
9352
2365
4761
9214
3689
626
5386
4531
526
4032
2575
3563
9399
7281
5327
9888
4930
4204
3758
3211
1880
5817
2543
6207
9176
8125
2409
6194
4069
1624
3765
6094
7894
5021
9222
1278
6898
7223
5029
6652
6335
1148
9665
9048
7215
2080
6622
3041
9588
4705
5409
3950
5414
842
9662
6858
1814
6304
5439
3892
7519
3611
7836
23
144
5586
6957
7101
8609
221
7203
7810
3897
4541
9820
2068
2528
5196
5105
8380
2767
2982
3967
9818
4102
1186
2186
1292
1359
2794
1162
285
5615
831
8828
469
1809
1597
7893
6378
1765
5697
4214
2407
7334
1580
9450
403
7433
6691
1284
8183
5647
4941
2854
2684
1627
8090
965
2386
6261
733
8360
9171
8122
5871
4784
7346
6524
7786
9398
3431
9514
6309
253
5190
462
2738
8392
540
9032
8105
36
9747
5902
7314
8506
489
7422
3710
2348
4604
6820
3146
6229
8032
9169
2070
354
7289
6026
1892
2446
7933
7699
4582
7532
4123
8968
7972
8473
8480
5795
7277
3032
749
6394
5076
9016
5000
6137
8040
3657
2803
9275
6299
9553
8567
8671
8722
8230
3737
824
1045
3859
9560
5981
6116
9505
8134
360
6260
9490
6998
414
7041
5909
59
9634
4095
2625
9917
1603
2135
5429
1570
7046
7415
7876
1466
2791
1974
3761
8511
4945
2865
293
2915
955
9834
7838
9331
6247
7444
7997
6623
6758
8096
5784
20
1495
8843
5383
6119
8209
1144
306
6062
415
4172
8477
7567
4597
9187
656
5563
8136
8374
7583
3993
6943
6867
5412
313
2358
7339
3561
1208
5600
6354
3425
65
4478
5684
557
8518
5883
386
9257
5839
3603
2199
1522
6628
1757
5027
2748
1740
9879
6501
9299
2549
8864
1204
7629
6198
2593
4639
5521
4364
5207
6517
2302
7043
5992
5264
9121
8933
3483
6542
561
7087
6211
