586
391
587
907
691
150
760
203
299
333
296
731
840
362
206
541
600
368
181
163
876
967
82
988
303
852
424
189
388
343
187
864
951
662
511
275
179
183
515
23
512
505
649
351
899
270
829
872
495
969
930
420
284
996
242
744
602
255
651
868
287
94
414
672
752
762
833
995
696
706
943
546
991
786
475
568
783
942
500
953
329
87
131
843
527
195
480
110
708
832
921
387
89
49
620
789
132
506
11
542
104
277
937
459
367
360
856
216
879
659
407
616
29
257
863
806
903
315
537
736
547
145
194
798
58
103
97
906
359
877
610
5
36
186
628
61
377
456
76
260
42
470
209
680
466
237
984
322
513
993
717
300
443
471
178
473
201
573
654
184
632
823
105
165
548
870
944
770
533
157
221
310
742
652
805
793
469
913
679
580
489
258
772
319
185
917
143
434
919
766
976
867
312
952
265
712
861
137
753
35
591
202
889
45
827
871
46
328
12
249
313
622
539
748
474
909
866
700
453
667
949
983
518
519
935
431
718
399
298
116
853
799
768
75
212
566
948
816
422
458
552
355
901
545
205
709
446
701
562
671
685
630
291
230
666
289
188
576
280
588
933
382
406
955
720
564
884
653
961
973
479
102
460
442
432
637
787
703
332
663
37
376
13
123
531
40
631
413
931
28
592
639
425
581
241
307
306
19
555
543
292
820
745
69
997
749
882
524
73
283
894
125
715
848
281
904
594
849
726
155
176
761
138
314
596
501
522
912
83
318
507
727
251
994
196
707
335
898
358
366
334
597
888
928
490
112
914
759
161
81
86
844
660
657
175
80
554
510
32
959
20
297
122
817
293
779
777
428
309
900
363
802
526
160
182
858
324
142
559
800
268
109
8
733
418
199
2
421
236
487
705
838
822
791
695
956
792
274
348
90
169
972
963
498
118
486
577
99
916
750
378
115
26
139
784
226
133
146
93
266
855
78
286
464
331
668
484
739
676
874
88
483
625
70
437
670
693
64
886
878
219
84
569
136
166
229
811
782
854
130
177
869
528
239
375
981
345
686
472
725
801
929
819
590
734
824
429
159
609
790
401
970
634
923
831
757
463
781
989
814
152
370
763
41
240
246
1
636
444
826
282
915
126
626
729
579
883
529
556
985
121
272
788
893
825
256
635
341
4
728
207
144
393
435
962
389
180
204
261
404
536
92
476
964
21
454
835
276
565
402
269
441
880
669
372
716
273
563
371
433
462
149
741
164
950
243
604
128
803
605
423
595
364
98
294
385
615
172
553
264
397
926
27
31
245
692
74
124
445
350
885
780
63
211
589
751
167
958
339
922
66
618
661
891
648
278
228
862
154
936
244
674
451
352
699
394
640
939
44
575
485
992
119
450
859
927
612
197
608
38
200
30
134
999
447
979
259
467
735
647
902
603
67
892
614
415
841
419
47
235
593
887
911
373
215
305
191
85
233
572
857
147
492
198
978
836
719
724
737
896
837
499
607
461
920
769
220
3
417
684
690
325
174
151
754
990
940
681
550
361
16
771
846
379
881
643
290
960
702
496
448
148
77
10
599
254
170
337
39
810
778
815
818
232
43
91
795
804
723
285
113
813
50
975
449
785
521
957
357
494
488
192
606
238
403
96
558
570
227
158
664
758
0
340
557
551
540
847
68
439
231
316
710
738
317
107
584
65
574
986
100
9
135
598
642
308
740
875
168
619
910
455
321
156
678
369
153
111
582
14
821
440
129
338
650
560
627
54
934
15
478
383
982
567
481
262
438
374
336
932
356
62
794
689
395
408
977
493
222
71
288
713
688
683
465
33
873
544
698
658
807
520
405
106
57
392
410
234
502
430
225
839
966
538
320
677
746
381
765
409
644
114
25
890
279
578
764
491
295
808
918
271
497
346
947
516
426
503
51
517
925
127
945
998
571
224
775
213
386
95
252
860
210
747
344
711
56
611
722
850
217
714
18
971
304
895
436
323
302
682
120
79
897
427
34
774
732
704
396
60
645
924
108
59
755
400
980
457
773
865
347
621
390
327
6
349
482
646
101
525
532
583
665
190
48
342
509
171
365
140
675
141
52
208
941
730
629
24
7
965
267
223
263
954
477
55
633
694
721
468
623
812
987
193
851
796
162
617
530
561
655
585
908
22
613
398
938
514
697
248
809
173
828
353
214
72
411
656
504
117
452
673
534
830
968
974
311
301
834
687
756
384
253
743
845
247
776
412
601
354
250
797
842
549
326
767
330
641
218
380
53
523
905
535
508
624
17
946
416
638
